[0;1m                                                                                                    [0m
[0;1m                      [38;2;48;200;149m:[38;2;35;172;118m:[38;2;19;221;128m=[38;2;32;240;152mx[38;2;29;186;117m8[38;2;26;195;116m8[38;2;27;193;120m8[38;2;22;193;113m8[38;2;26;196;116m8[38;2;27;193;118m8[38;2;24;190;114m8[38;2;26;193;117m8[38;2;29;180;116m8[38;2;51;240;163m*[38;2;53;193;135m+[38;2;53;184;138m:[38;2;38;179;120m:         [38;2;37;175;127m:[38;2;31;159;104m:[38;2;31;160;99m:[38;2;57;171;123m*[38;2;45;207;128m*[38;2;20;252;154mx[38;2;11;190;113m8[38;2;15;229;131m@[38;2;15;229;136m@[38;2;17;231;134m@[38;2;17;234;130m@[38;2;13;196;116m8[38;2;17;193;114m8[38;2;17;189;108m8[38;2;25;182;114m8[38;2;26;185;115m8[38;2;22;230;134mx[38;2;24;187;116m8[38;2;36;209;136m+[38;2;67;239;156m*[38;2;54;199;143m:[38;2;59;190;149m:[38;2;47;191;134m:                             [0m
[0;1m                   [38;2;23;231;168m+[38;2;25;239;164m#[38;2;20;246;166m#[38;2;13;240;165m#[38;2;6;250;167m@[38;2;12;254;177m@[38;2;13;240;173m@[38;2;11;243;163m@[38;2;11;255;170m@[38;2;7;235;161m@[38;2;6;240;161m@[38;2;8;245;171m@[38;2;8;244;168m@[38;2;7;244;166m@[38;2;8;252;177m@[38;2;11;246;164m@[38;2;12;246;161m@[38;2;10;253;172m@[38;2;15;252;176m#[38;2;16;178;117m8[38;2;59;195;146m+[38;2;90;196;164m+   [38;2;67;215;164m*[38;2;35;225;159m#[38;2;19;231;157m#[38;2;11;252;179m#[38;2;9;243;162m@[38;2;7;249;172m@[38;2;9;246;183m@[38;2;10;248;174m@[38;2;8;251;168m@[38;2;9;246;179m@[38;2;8;246;177m@[38;2;4;248;171m@[38;2;9;247;186m@[38;2;11;244;178m@[38;2;10;250;170m@[38;2;11;245;178m@[38;2;9;238;166m@[38;2;9;246;168m@[38;2;15;252;179m@[38;2;8;249;164m@[38;2;8;242;163m@[38;2;12;239;161m@[38;2;12;251;158m@[38;2;15;255;157m@[38;2;10;249;154m@[38;2;13;248;148m#[38;2;13;234;127m#[38;2;43;223;137m*[38;2;120;215;177m+                           [0m
[0;1m               [38;2;42;176;154m:[38;2;26;230;193mx[38;2;30;251;205mx[38;2;19;220;170m8[38;2;18;253;203mx[38;2;11;177;138m8[38;2;12;194;150m8[38;2;13;181;154m8[38;2;15;182;147m8[38;2;13;177;146m8[38;2;7;178;153m8[38;2;17;241;205m#[38;2;18;237;202m@[38;2;15;250;216m#[38;2;10;239;198m@@[38;2;12;234;203m@[38;2;8;236;197m@[38;2;10;235;205m@[38;2;9;233;197m@[38;2;9;236;192m@[38;2;10;238;200m@[38;2;12;237;189m@[38;2;10;246;185m@[38;2;15;239;188m@[38;2;16;238;180m@[38;2;9;193;151m8[38;2;16;231;185m@[38;2;15;241;191m@[38;2;10;247;206m@[38;2;10;247;214m@[38;2;8;245;207m@[38;2;7;247;214m@[38;2;7;246;214m@[38;2;6;247;209m@[38;2;7;249;216m@[38;2;7;244;215m@[38;2;6;244;209m@[38;2;7;241;214m@[38;2;9;246;215m@[38;2;7;247;210m@[38;2;6;243;218m@[38;2;6;244;211m@[38;2;7;249;209m@[38;2;8;236;209m@[38;2;6;243;206m@[38;2;5;246;203m@[38;2;8;241;213m@[38;2;6;243;200m@[38;2;6;246;197m@[38;2;10;244;210m@[38;2;8;249;193m@[38;2;9;251;182m@[38;2;10;251;193m@[38;2;8;250;188m@[38;2;6;247;178m@[38;2;14;252;179m@[38;2;11;252;176m@[38;2;13;239;169m@[38;2;11;198;144m8[38;2;17;193;142m8[38;2;16;192;140m8[38;2;22;203;144m8[38;2;23;190;138m8[38;2;57;250;195mx[38;2;66;187;148mx                   [0m
[0;1m             [38;2;51;228;222m*[38;2;19;240;229m#[38;2;12;239;223m#[38;2;19;252;235mx[38;2;45;227;202m*[38;2;60;224;200m+[38;2;62;222;203m. [38;2;16;117;88m. [38;2;17;119;105m.[38;2;44;240;219m+[38;2;42;227;207m+[38;2;45;228;216m*[38;2;44;234;229m*[38;2;40;235;229m#[38;2;36;245;240m#[38;2;36;245;246m#[38;2;22;237;240m#[38;2;24;247;242m#[38;2;18;240;240m#[38;2;22;233;228m*[38;2;23;234;222m*[38;2;15;229;223m*[38;2;14;244;236m#[38;2;10;243;233m@[38;2;10;240;234m@[38;2;11;241;228m@[38;2;6;246;235m@[38;2;6;250;246m@[38;2;6;250;244m@[38;2;5;246;247m@[38;2;9;250;255m@[38;2;7;240;245m@[38;2;9;237;245m@[38;2;7;232;253m#[38;2;5;241;253m#[38;2;5;240;254m#[38;2;11;237;250m#[38;2;8;238;246m@[38;2;8;243;253m@[38;2;9;243;249m@[38;2;8;243;244m@[38;2;7;242;253m@[38;2;6;243;250m@[38;2;5;247;246m@[38;2;4;244;249m#[38;2;4;244;241m@[38;2;5;244;240m@[38;2;10;242;251m@[38;2;7;247;244m@[38;2;7;246;248m@[38;2;8;239;251m#[38;2;9;241;234m@[38;2;6;243;229m@[38;2;6;250;244m@[38;2;4;248;240m@[38;2;5;240;231m@[38;2;7;247;228m@[38;2;4;245;222m@[38;2;5;246;225m@[38;2;7;254;220m@[38;2;13;255;216m@[38;2;7;250;216m@[38;2;11;255;217m@[38;2;10;250;207m@[38;2;11;249;200m@[38;2;16;254;201m@[38;2;19;178;138m8[38;2;45;218;171m+                 [0m
[0;1m           [38;2;53;168;171m*[38;2;39;232;233m#[38;2;13;245;252m#[38;2;20;230;235m#[38;2;36;228;221m*[38;2;41;217;206m+[38;2;53;211;202m+[38;2;60;217;209m+[38;2;61;230;227m+[38;2;60;230;229m+[38;2;63;218;207m+[38;2;65;213;197m.   [38;2;61;204;200m*[38;2;37;208;217m+[38;2;28;233;236m*[38;2;35;239;239m#[38;2;33;239;241m#[38;2;29;239;244m#[38;2;37;232;235m#[38;2;33;237;242m*[38;2;47;227;223m*[38;2;49;213;206m*[38;2;14;175;178m8[38;2;12;245;248m#[38;2;8;244;247m@[38;2;7;250;254m@[38;2;11;251;252m@[38;2;10;249;253m@[38;2;12;248;255m@[38;2;6;244;250m@[38;2;5;240;252m@[38;2;9;230;253m#[38;2;6;234;253m#[38;2;8;243;255m#[38;2;14;231;255m#[38;2;9;234;255m#[38;2;7;233;255m#[38;2;7;233;254m#[38;2;4;232;251m@[38;2;4;223;245m@[38;2;9;229;251m@[38;2;9;237;251m@[38;2;5;236;255m@[38;2;5;231;250m@[38;2;4;233;249m@[38;2;2;232;253m#[38;2;3;235;250m@[38;2;5;238;250m@[38;2;6;232;255m@[38;2;6;240;249m@[38;2;6;242;255m@[38;2;8;241;255m#[38;2;6;241;247m@[38;2;6;238;241m@[38;2;6;237;247m#[38;2;6;241;247m#[38;2;12;237;251m#[38;2;8;241;245m#[38;2;9;236;233m#[38;2;3;235;236m@[38;2;4;250;240m@[38;2;6;246;237m@[38;2;6;245;234m@[38;2;11;249;232m@[38;2;10;255;238m@[38;2;8;252;226m@[38;2;10;248;220m@[38;2;12;244;213m@[38;2;30;237;207m#[38;2;72;208;197m+                [0m
[0;1m        [38;2;85;197;202m.[38;2;45;208;213m=[38;2;19;177;186m8[38;2;21;238;249m#[38;2;17;175;177m8[38;2;40;236;247m*[38;2;57;228;237m*[38;2;59;228;239m*[38;2;50;195;209m+[38;2;60;231;248m*[38;2;47;216;236m*[38;2;39;199;215m+[38;2;35;177;193m8[38;2;28;160;183m8[38;2;40;212;244m*[38;2;41;218;239m*[38;2;66;233;237m*[38;2;55;200;218m*[38;2;55;195;238m:[38;2;66;158;162m:[38;2;55;247;247m:[38;2;43;245;250m*[38;2;49;233;242mx[38;2;47;228;236m#[38;2;49;229;231m#[38;2;53;220;227m=[38;2;28;170;177m8[38;2;20;176;184m8[38;2;16;234;246m@[38;2;9;239;253m@[38;2;9;239;254m@[38;2;11;230;255m@[38;2;7;226;250m@[38;2;5;226;250m@[38;2;9;212;246m@[38;2;9;218;252m#[38;2;10;216;246m#[38;2;12;213;254m#[38;2;12;208;244m#[38;2;5;192;239m@[38;2;6;193;247m@[38;2;5;198;253m@[38;2;5;201;255m@[38;2;8;195;253m@[38;2;5;197;248m@[38;2;6;200;252m@[38;2;8;197;247m@[38;2;7;201;244m@[38;2;6;198;249m@[38;2;3;194;244m@[38;2;7;201;245m@[38;2;4;200;250m@[38;2;5;202;247m@[38;2;5;205;245m@[38;2;6;204;253m@[38;2;6;209;250m@[38;2;6;212;252m@[38;2;6;206;253m@[38;2;6;210;247m@[38;2;6;216;250m@[38;2;7;220;254m@[38;2;8;225;254m@[38;2;9;221;252m@[38;2;10;215;244m@[38;2;10;205;232m#[38;2;11;213;241m#[38;2;8;218;235m#[38;2;7;222;237m@[38;2;5;225;241m@[38;2;4;237;250m@[38;2;7;238;249m@[38;2;8;244;247m@[38;2;9;250;254m@[38;2;10;249;247m@[38;2;10;252;240m@[38;2;15;246;235m@[38;2;16;196;189m8[38;2;17;178;170m8[38;2;39;212;206m*             [0m
[0;1m        [38;2;23;169;180m8[38;2;11;242;255m#[38;2;22;232;247m#[38;2;36;204;221m*[38;2;59;197;213m*[38;2;50;195;224m*[38;2;30;200;243m#[38;2;14;191;249m#[38;2;8;177;247m#[38;2;10;181;245m#[38;2;7;180;247m#[38;2;8;179;253m#[38;2;8;183;250m@[38;2;6;178;247m@[38;2;4;174;255m@[38;2;10;186;253m#[38;2;21;196;248m#[38;2;47;173;219m*[38;2;47;157;203m+[38;2;39;165;197m+[38;2;19;83;99m.[38;2;27;103;107m:[38;2;60;169;177m=[38;2;37;176;186m+[38;2;44;207;219m@[38;2;22;204;228m@[38;2;9;213;235m@[38;2;9;238;255m@[38;2;7;234;255m@[38;2;8;215;253m@[38;2;8;207;254m@[38;2;9;190;253m@[38;2;6;188;251m@[38;2;4;175;232m@[38;2;9;162;227m@[38;2;8;163;216m@[38;2;12;160;229m@[38;2;9;162;235m@[38;2;6;163;242m@[38;2;6;165;249m@[38;2;6;157;247m@[38;2;6;162;250m@[38;2;6;159;250m@[38;2;5;159;250m@[38;2;4;159;242m@[38;2;5;160;245m@[38;2;5;157;241m@[38;2;5;163;242m@[38;2;5;165;250m@[38;2;4;168;250m@[38;2;5;169;252m@[38;2;6;160;244m@[38;2;7;165;241m@[38;2;6;174;250m@[38;2;6;170;252m@[38;2;10;175;250m@[38;2;5;167;242m@[38;2;6;169;247m@[38;2;8;176;250m@[38;2;10;183;255m@[38;2;10;178;251m@[38;2;9;179;249m@[38;2;4;177;248m@[38;2;7;181;247m@[38;2;11;187;251m@[38;2;7;179;244m@[38;2;7;171;227m@[38;2;14;182;230m@[38;2;20;188;227m@[38;2;6;192;231m@[38;2;6;219;255m@[38;2;6;229;255m@[38;2;7;230;255m@[38;2;10;238;255m@[38;2;12;244;255m@[38;2;10;251;255m@@[38;2;12;254;255m@[38;2;11;253;253m@[38;2;35;217;224m@[38;2;51;205;213m:           [0m
[0;1m      [38;2;38;143;155m.[38;2;32;212;227m*[38;2;18;217;248m#[38;2;14;157;181m8[38;2;18;148;180m8[38;2;17;143;184m8[38;2;17;179;238m@[38;2;11;168;239m@[38;2;11;158;234m@[38;2;9;123;179m8[38;2;16;123;178m8[38;2;18;124;181m8[38;2;12;124;182m8[38;2;16;155;249m#[38;2;11;151;241m@[38;2;9;153;247m@[38;2;15;151;250m@[38;2;10;151;245m@[38;2;10;148;237m@[38;2;20;148;239m#[38;2;38;141;218m*[38;2;49;123;182m*[38;2;49;124;172m+[38;2;34;140;181m*[38;2;26;148;185m8[38;2;21;194;237m8[38;2;12;201;240m@[38;2;7;207;247m@[38;2;8;202;249m@[38;2;9;194;247m@[38;2;10;183;244m@[38;2;8;154;223m@[38;2;6;150;224m@[38;2;13;129;213m@[38;2;11;131;211m@[38;2;8;137;225m#[38;2;11;129;224m#[38;2;13;144;237m8[38;2;10;126;224m#[38;2;8;119;211m@[38;2;8;125;212m@[38;2;8;115;212m@[38;2;10;123;228m#[38;2;8;124;224m#[38;2;8;111;212m@[38;2;9;115;215m@[38;2;6;117;217m@[38;2;9;120;217m@[38;2;10;135;233m@[38;2;10;141;238m@[38;2;12;144;244m@[38;2;12;139;240m@[38;2;11;145;244m@[38;2;13;141;244m@[38;2;13;141;241m@[38;2;10;140;237m@[38;2;12;139;240m@[38;2;13;142;238m@[38;2;10;144;243m@[38;2;12;140;242m@[38;2;10;143;242m@[38;2;10;145;240m@[38;2;15;149;246m@[38;2;17;150;247m@[38;2;15;154;249m@[38;2;17;157;248m@[38;2;17;159;248m@[38;2;13;158;247m@[38;2;10;156;241m@[38;2;11;152;231m@[38;2;10;147;221m@[38;2;17;151;226m#[38;2;19;159;229m#[38;2;10;157;215m@[38;2;12;181;242m@[38;2;9;187;246m@[38;2;10;198;247m@[38;2;8;210;251m@[38;2;10;218;250m@[38;2;11;225;249m@[38;2;12;234;251m@[38;2;12;238;250m@[38;2;21;218;229m8[38;2;47;177;187m:[38;2;58;190;200m:         [0m
[0;1m        [38;2;44;214;230m+[38;2;51;225;238m+[38;2;50;197;219m*[38;2;46;174;219m*[38;2;27;190;250m#[38;2;16;128;179m8[38;2;47;153;219m*[38;2;52;128;191m+[38;2;52;109;169m+[38;2;53;120;182m+[38;2;41;89;136m:[38;2;56;104;184m+[38;2;40;116;222m*[38;2;18;123;242m@[38;2;17;126;248m@[38;2;9;121;236m@[38;2;3;123;234m#[38;2;19;130;242m#[38;2;33;127;222m*[38;2;30;126;198m*[38;2;44;186;252mx[38;2;8;170;235m@[38;2;8;187;254m@[38;2;9;184;250m@[38;2;9;177;245m@[38;2;11;171;244m@[38;2;11;153;233m@[38;2;9;144;229m@[38;2;11;135;225m@[38;2;12;131;231m8[38;2;12;117;214m8[38;2;14;104;212m8[38;2;19;113;212m8[38;2;16;104;217m8[38;2;17;103;219m8[38;2;17;109;225m8[38;2;17;101;213m8[38;2;22;111;229m8[38;2;14;105;215m8[38;2;11;100;226m8[38;2;18;101;224m8[38;2;17;101;224m8[38;2;16;100;232m8[38;2;21;109;238m8[38;2;12;105;233m8[38;2;17;107;235m8[38;2;17;110;235m#[38;2;17;111;226m@[38;2;19;115;232m@[38;2;18;113;233m@[38;2;19;115;232m@[38;2;24;111;226m@[38;2;22;113;227m@[38;2;16;116;226m@[38;2;22;119;236m#[38;2;19;118;237m#[38;2;16;110;218m@[38;2;26;119;239m#[38;2;22;112;226m@[38;2;21;115;226m@[38;2;23;113;229m@[38;2;29;122;235m@[38;2;31;128;241m@[38;2;35;136;246m@[38;2;34;136;244m@[38;2;29;135;240m@[38;2;22;135;237m@[38;2;18;133;236m@[38;2;13;118;222m@[38;2;14;126;231m#[38;2;19;129;236m8[38;2;15;117;210m8[38;2;11;126;226m8[38;2;14;136;228m@[38;2;13;152;237m@[38;2;11;160;240m@[38;2;14;170;240m@[38;2;15;182;241m@[38;2;16;200;247m@[38;2;13;204;245m@[38;2;14;217;247m@[38;2;16;230;252m#[38;2;33;194;214m8[38;2;60;160;173m:        [0m
[0;1m           [38;2;51;181;208m:[38;2;30;143;181m:[38;2;10;156;231m8[38;2;13;151;238m@[38;2;15;106;178m8[38;2;45;133;231m*[38;2;50;120;234m*[38;2;31;80;183m8[38;2;40;102;240m@[38;2;31;102;243m@[38;2;20;105;244m@[38;2;24;103;241m@[38;2;14;108;246m#[38;2;10;111;243m#[38;2;25;126;246m#[38;2;19;131;219m8[38;2;27;164;232m@[38;2;16;180;249m@[38;2;10;179;251m@[38;2;9;178;251m@[38;2;9;153;237m@[38;2;9;133;220m@[38;2;12;123;225m#[38;2;15;124;239m8[38;2;15;119;236m8[38;2;18;111;231m8[38;2;17;93;196m8[38;2;18;81;182m8[38;2;23;75;182m8[38;2;22;74;173m8[38;2;21;73;177m8[38;2;27;72;182m8[38;2;20;67;168m8[38;2;20;65;167m8[38;2;22;66;173m8[38;2;21;68;172m8[38;2;21;67;183m8[38;2;25;68;188m8[38;2;21;66;181m8[38;2;23;65;185m8[38;2;26;66;176m8[38;2;24;83;217mx[38;2;26;78;200mx[38;2;28;83;210mx[38;2;22;66;164m8[38;2;34;94;238mx[38;2;27;78;188m8[38;2;25;86;207m8[38;2;33;96;229m8[38;2;40;112;250m8[38;2;34;109;228m@[38;2;37;113;240m#[38;2;38;116;242m#[38;2;32;110;229m#[38;2;37;106;230m8[38;2;31;99;223m8[38;2;29;93;217m8[38;2;42;102;235m8[38;2;47;109;247m8[38;2;43;101;224m@[38;2;44;109;232m@[38;2;40;103;226m@[38;2;43;110;237m#[38;2;39;113;235m#[38;2;39;111;238m#[38;2;35;105;238m#[38;2;36;106;245m8[38;2;31;83;201m8[38;2;22;80;178m8[38;2;27;107;227m8[38;2;25;113;237m#[38;2;23;118;229m@[38;2;22;128;235m@[38;2;21;130;234m@[38;2;19;136;234m@[38;2;21;150;239m@[38;2;24;163;243m@[38;2;23;181;246m@[38;2;18;189;243m@[38;2;19;203;247m8[38;2;43;187;220mx[38;2;114;172;190m:       [0m
[0;1m             [38;2;22;154;180m8[38;2;13;192;255m@[38;2;16;156;254m@[38;2;26;85;176m8[38;2;35;107;246m#[38;2;31;110;253m@[38;2;33;102;246m#[38;2;31;104;238m#[38;2;31;105;238m#[38;2;27;97;243m#[38;2;21;125;250m#[38;2;12;147;249m@[38;2;16;165;255m@[38;2;17;181;255m@[38;2;13;186;255m@[38;2;10;180;252m@[38;2;8;173;248m@[38;2;8;163;247m@[38;2;19;147;245mx[38;2;25;95;182m+[38;2;36;104;233m8[38;2;27;97;234m#[38;2;23;95;229m#[38;2;33;93;232m8[38;2;28;66;181m8[38;2;30;58;166m8[38;2;36;57;170m8[38;2;42;72;216mx[38;2;33;59;207mx[38;2;38;54;197mx[38;2;41;59;200mx[38;2;41;59;218mx[38;2;44;54;180m8[38;2;38;54;181m8[38;2;42;60;208m8[38;2;31;46;176m8[38;2;34;58;208m=[38;2;30;48;186m+[38;2;41;52;189m*[38;2;32;47;181m+[38;2;34;51;187m=[38;2;46;77;218mx[38;2;41;72;189m8[38;2;54;88;216m8[38;2;59;93;230m8[38;2;54;97;241m8[38;2;55;97;239m8[38;2;56;99;233m#[38;2;53;105;232m@[38;2;61;118;251m#[38;2;57;116;248m@[38;2;50;111;247m@[38;2;53;105;236m@[38;2;57;109;238m@[38;2;50;105;237m#[38;2;51;95;235m8[38;2;47;80;217m8[38;2;60;91;236m8[38;2;58;88;232m#[38;2;68;96;242m#[38;2;62;86;235m#[38;2;60;91;236m#[38;2;59;84;238m#[38;2;55;80;234m#[38;2;56;84;246m8[38;2;50;66;198m8[38;2;47;79;233mx[38;2;41;74;209m8[38;2;49;91;237m#[38;2;48;98;233m@[38;2;55;118;250m@[38;2;47;106;238m@[38;2;40;104;234m@[38;2;41;112;237m@[38;2;40;121;239m@[38;2;41;144;250m@[38;2;35;160;249m@[38;2;28;169;237m@[38;2;31;173;224m8[38;2;82;161;193mx       [0m
[0;1m             [38;2;26;165;187m:[38;2;16;171;227m@[38;2;10;157;230m@[38;2;35;138;216m@[38;2;38;100;178m+[38;2;27;85;153m=[38;2;38;89;151m=[38;2;41;108;165m=[38;2;42;123;177m=[38;2;25;98;176m+[38;2;22;130;222m@[38;2;23;168;252m@[38;2;23;180;252m@[38;2;17;183;253m@[38;2;11;185;253m@[38;2;11;163;250m@[38;2;13;129;208m@[38;2;24;102;162m+[38;2;52;108;179m+[38;2;31;82;185m+[38;2;33;95;227m8[38;2;36;90;231m8[38;2;29;75;212m8[38;2;27;51;169m8[38;2;46;61;208mx[38;2;47;58;215mx[38;2;51;48;196mx[38;2;51;51;207m=[38;2;50;50;201mx[38;2;67;59;235mx[38;2;46;43;179m8[38;2;51;49;202m8[38;2;54;45;199m8[38;2;44;38;170m8[38;2;57;49;220mx[38;2;51;40;182mx[38;2;57;45;202m+[38;2;60;48;209m+[38;2;58;47;187mx[38;2;57;58;186m8[38;2;71;79;224m8[38;2;79;91;248m8[38;2;74;91;240m#[38;2;80;101;251m8[38;2;76;92;245m8[38;2;70;90;231m#[38;2;73;88;237m8[38;2;76;92;247m8[38;2;70;95;242m#[38;2;72;98;240m#[38;2;68;101;237m@[38;2;67;106;242m@[38;2;66;100;235m@[38;2;70;107;246m@[38;2;55;92;233m@[38;2;66;98;253m8[38;2;61;79;224m8[38;2;57;60;197m8[38;2;65;67;215m8[38;2;59;57;218m8[38;2;61;50;199m8[38;2;59;56;206m8[38;2;58;46;205m8[38;2;62;49;206m8[38;2;55;43;188m8[38;2;60;43;211mx[38;2;48;48;162m8[38;2;70;78;232m8[38;2;68;79;234m#[38;2;68;90;243m#[38;2;65;90;240m@[38;2;60;85;235m#[38;2;50;77;220m8[38;2;49;82;221m8[38;2;53;97;237m#[38;2;56;118;238m@[38;2;57;135;246m@[38;2;53;147;243m@[38;2;53;161;239m#[38;2;65;138;191m=[38;2;66;106;135m:      [0m
[0;1m              [38;2;30;157;189m:[38;2;20;162;217m=[38;2;20;130;182m8[38;2;21;161;216m8[38;2;26;198;241mx[38;2;33;187;222mx[38;2;38;191;215mx[38;2;35;182;203mx[38;2;40;151;187m+[38;2;31;162;204m*[38;2;17;148;206mx[38;2;21;183;254mx[38;2;15;156;214m#[38;2;14;141;209m#[38;2;19;115;186m=[38;2;33;99;170m.[38;2;39;70;137m.[38;2;50;77;184m=[38;2;46;77;221m8[38;2;51;70;222m8[38;2;47;52;187m8[38;2;43;50;184mx[38;2;59;46;206m=[38;2;60;37;194mx[38;2;67;39;213mx[38;2;57;27;164m8[38;2;77;40;223mx[38;2;59;31;167m8[38;2;76;38;190m8[38;2;77;36;203m8[38;2;77;37;213m8[38;2;81;31;193m8[38;2;70;23;170m8[38;2;69;20;167m8[38;2;91;34;187m8[38;2;106;54;212m#[38;2;118;67;239m#[38;2;116;67;238m@[38;2;116;64;239m@[38;2;118;68;239m@[38;2;120;67;244m@[38;2;117;67;249m@[38;2;106;65;234m@[38;2;113;66;243m#[38;2;99;58;228m@[38;2;101;55;235m8[38;2;97;51;230m8[38;2;88;49;226m8[38;2;82;49;220m8[38;2;93;67;239m#[38;2;89;75;240m@[38;2;87;75;232m@[38;2;96;92;250m@[38;2;98;98;253m@[38;2;94;92;249m@[38;2;84;76;230m@[38;2;93;66;243m8[38;2;95;64;246m8[38;2;87;50;225m8[38;2;64;25;167m8[38;2;58;25;153m8[38;2;63;23;153m8[38;2;83;25;207mx[38;2;86;26;214mx[38;2;68;24;159m8[38;2;84;47;204m8[38;2;90;57;227m@[38;2;104;65;249m#[38;2;95;62;240m#[38;2;92;60;240m8[38;2;61;35;161m8[38;2;58;36;161m8[38;2;82;66;222m#[38;2;85;83;238m@[38;2;85;101;249m@[38;2;87;115;253m@[38;2;82;121;250m@[38;2;82;133;246m@[38;2;66;116;211m#[38;2;92;145;223mx[38;2;156;188;234m:     [0m
[0;1m                [38;2;74;128;135m:[38;2;83;146;154m*[38;2;96;221;229m*[38;2;54;162;173m*[38;2;34;138;145m*[38;2;35;215;226m+[38;2;26;224;241mx[38;2;21;191;201m8[38;2;30;149;159m*[38;2;32;123;136m:[38;2;28;100;120m:[38;2;24;85;105m:[38;2;9;20;27m.[38;2;41;47;133m.[38;2;38;49;138m*[38;2;46;45;155m8[38;2;54;46;185m8[38;2;56;34;163m8[38;2;85;37;210m*[38;2;76;24;190m:[38;2;76;15;166m*[38;2;103;16;205m*[38;2;83;15;180m=[38;2;111;19;219mx[38;2;114;22;208mx[38;2;87;13;155m8[38;2;102;13;177m8[38;2;108;13;183m8[38;2;104;13;183m8[38;2;115;13;190m8[38;2;120;14;187m8[38;2;170;29;241m8[38;2;183;41;238m@[38;2;187;43;248m@[38;2;190;46;252m@[38;2;179;36;234m@[38;2;175;28;235m#[38;2;160;19;226m8[38;2;139;16;209m8[38;2;140;18;221m8[38;2;144;21;226m8[38;2;148;20;229m8[38;2;149;21;240m8[38;2;127;15;209m8[38;2;112;12;190m8[38;2;116;12;208mx[38;2;111;11;198m=[38;2;117;25;216mx[38;2;116;38;229m#[38;2;122;46;239m#[38;2;127;61;249m@[38;2;130;72;253m@[38;2;130;71;253m@[38;2;123;64;240m@[38;2;121;49;241m#[38;2;124;49;237m#[38;2;114;35;224m8[38;2;78;13;157m8[38;2;97;15;198mx[38;2;128;22;232m=[38;2;103;15;193m=[38;2;103;14;204mx[38;2;102;18;187m8[38;2;123;31;223m8[38;2;131;40;243m#[38;2;122;25;231m8[38;2;86;12;177m8[38;2;98;14;194mx[38;2;126;23;224m=[38;2;93;31;181m8[38;2;119;58;241m#[38;2;116;65;244m@[38;2;119;76;253m@[38;2;118;81;255m@[38;2;113;86;255m@[38;2;112;104;255m@[38;2;112;117;255m@[38;2;92;100;209m8[38;2;151;163;224m=     [0m
[0;1m                     [38;2;56;139;136m:[38;2;82;213;215m:[38;2;29;171;181mx[38;2;21;219;234m8[38;2;22;189;207mx[38;2;30;157;185m:[38;2;21;60;84m.[38;2;37;32;116m:[38;2;62;53;195m=[38;2;72;62;219mx[38;2;70;50;192m8[38;2;68;34;175m8[38;2;94;28;210mx[38;2;104;19;195m=[38;2;99;13;179m=[38;2;121;13;209m=[38;2;132;13;203m=[38;2;129;14;198m=[38;2;142;14;202mx[38;2;132;13;186mx[38;2;165;15;234m=[38;2;159;15;216mx[38;2;178;16;217mx[38;2;149;11;175m8[38;2;194;14;217m8[38;2;222;17;237m8[38;2;214;19;225m@[38;2;186;15;201m8[38;2;216;19;240mx[38;2;215;18;235mx[38;2;199;17;218m=[38;2;182;20;194m=[38;2;176;23;193m=[38;2;185;16;213m=[38;2;162;14;190mx[38;2;161;15;190mx[38;2;203;19;234m=[38;2;178;16;208mx[38;2;152;16;182mx[38;2;175;18;221m=[38;2;140;13;188mx[38;2;143;13;195m=[38;2;146;15;203m+[38;2;134;15;192m=[38;2;136;17;210mx[38;2;148;31;223m8[38;2;158;38;242m@[38;2;167;45;246m@[38;2;160;43;237m@[38;2;163;36;233m@[38;2;170;37;246m#[38;2;151;23;233m8[38;2;100;12;165m8[38;2;112;13;196mx[38;2;123;16;190m=[38;2;125;17;188m*[38;2;130;13;212mx[38;2;147;18;224mx[38;2;120;12;177m8[38;2;156;15;230m8[38;2;153;15;230mx[38;2;135;16;198m+[38;2;155;16;227m=[38;2;124;14;179m8[38;2;144;27;220m8[38;2;149;42;235m@[38;2;153;45;244m@[38;2;150;47;248m@[38;2;140;44;236m@[38;2;124;42;214m#[38;2;129;52;222m8[38;2;144;60;246m@[38;2;140;70;237m#[38;2;123;76;191mx[38;2;115;83;145m*    [0m
[0;1m                      [38;2;75;146;149m*[38;2;37;177;188m=[38;2;22;208;229m8[38;2;18;184;209m8[38;2;24;153;189m+[38;2;26;53;96m:[38;2;59;61;185m+[38;2;63;55;171m8[38;2;79;63;206m8[38;2;93;47;211m8[38;2;84;24;185m8[38;2;93;19;181m8[38;2;122;15;207mx[38;2;141;13;218m=[38;2;137;11;183m8[38;2;159;11;196m8[38;2;186;12;211m8[38;2;223;15;237m8[38;2;192;13;209m8[38;2;173;12;189m8[38;2;208;16;222m=[38;2;182;15;189mx[38;2;168;11;176m8[38;2;175;10;182m8[38;2;210;17;217m=[38;2;185;17;187m*[38;2;179;19;177m+[38;2;143;20;141m*[38;2;154;25;163m:[38;2;117;28;184m.[38;2;135;111;156m+[38;2;252;252;255m#[38;2;112;80;129m*[38;2;53;11;100m:  [38;2;51;33;57m:[38;2;117;35;114m*[38;2;150;26;157m*[38;2;194;24;200m*[38;2;180;16;185m+[38;2;163;16;175m+[38;2;176;16;203m+[38;2;181;15;208m+[38;2;182;15;196mx[38;2;188;13;209m8[38;2;226;19;244m8[38;2;228;20;249m8[38;2;221;15;241m8[38;2;210;14;233m8[38;2;166;12;203m8[38;2;158;15;194mx[38;2;157;14;200m=[38;2;165;16;204m+[38;2;162;19;189m*[38;2;159;17;188m*[38;2;168;17;194m+[38;2;210;16;241mx[38;2;173;12;199m8[38;2;155;13;178m=[38;2;175;16;204m+[38;2;174;14;201mx[38;2;156;12;180m8[38;2;189;17;218m8[38;2;201;17;227m@[38;2;202;16;236m#[38;2;192;20;232m8[38;2;162;13;203m=[38;2;172;14;204m=[38;2;149;13;180m8[38;2;193;16;235m8[38;2;196;33;241m#[38;2;191;54;240m@[38;2;166;50;199m8[38;2;169;93;181mx   [0m
[0;1m                      [38;2;83;163;176m*[38;2;31;189;205m8[38;2;22;220;248m8[38;2;19;166;211m8[38;2;23;116;171m=[38;2;42;80;163m*[38;2;82;71;221mx[38;2;99;69;227m8[38;2;108;67;247m8[38;2;118;42;237m8[38;2;116;29;219m8[38;2;117;16;205m8[38;2;124;10;185m8[38;2;138;11;183m8[38;2;199;13;226m8[38;2;232;14;246m8[38;2;238;15;248m8[38;2;219;12;227m8[38;2;162;10;172m8[38;2;189;13;208mx[38;2;205;15;216m=[38;2;174;14;181mx[38;2;162;12;170m8[38;2;152;10;162m8[38;2;185;15;191mx[38;2;170;15;181m+[38;2;191;22;190m: [38;2;55;14;122m.[38;2;67;15;172m*[38;2;100;47;190m=[38;2;112;72;176mx[38;2;83;32;161m+[38;2;73;12;161m*[38;2;73;15;144m:[38;2;98;18;174m:[38;2;252;252;255m#[38;2;167;164;173mx[38;2;175;126;182m+[38;2;123;25;129m:[38;2;123;20;117m:[38;2;157;19;172m*[38;2;171;17;187m+[38;2;204;18;221m+[38;2;185;16;194mx[38;2;162;11;171m8[38;2;212;13;218m8[38;2;229;17;237m8[38;2;221;12;230m8[38;2;222;14;229m8[38;2;158;11;175m8[38;2;197;15;228mx[38;2;193;13;225mx[38;2;155;16;172m+[38;2;149;20;168m*[38;2;141;20;166m*[38;2;184;16;204m=[38;2;214;17;233mx[38;2;191;12;217mx[38;2;183;16;205m*[38;2;158;14;184m+[38;2;198;14;224mx[38;2;176;11;188m8[38;2;205;13;216m8[38;2;228;16;237m#[38;2;207;12;219m8[38;2;165;12;178m8[38;2;168;16;179m*[38;2;175;14;187m=[38;2;142;10;155m8[38;2;177;11;194m8[38;2;208;19;222m8[38;2;230;30;247m#[38;2;235;51;248m#[38;2;158;52;164m8[38;2;180;132;184m=  [0m
[0;1m                   [38;2;123;200;210m.[38;2;78;172;183m:[38;2;54;168;189mx[38;2;27;142;177m8[38;2;27;181;232m8[38;2;25;165;225m8[38;2;46;129;232m=[38;2;66;72;200mx[38;2;73;55;190m8[38;2;101;53;223m8[38;2;114;51;243m8[38;2;125;56;254m8[38;2;131;30;231m8[38;2;137;17;219m8[38;2;173;14;227m8[38;2;196;14;224m8[38;2;215;15;232m8[38;2;232;15;238m#[38;2;250;15;252m8[38;2;239;17;242m8[38;2;195;12;201m8[38;2;208;14;219mx[38;2;183;14;194mx[38;2;211;18;221m=[38;2;204;15;207mx[38;2;200;11;207m8[38;2;239;14;237m8[38;2;193;13;192m8[38;2;173;15;171m=[38;2;161;17;155m+[38;2;94;15;89m.[38;2;27;6;72m.[38;2;75;14;176m:[38;2;84;15;181m:[38;2;12;4;34m.  [38;2;31;6;69m.[38;2;45;9;97m:[38;2;110;70;163m=[38;2;101;67;140mx[38;2;147;30;167m8[38;2;153;13;172m8[38;2;157;18;181m:[38;2;155;32;171m.[38;2;138;20;136m:[38;2;157;17;169m*[38;2;179;19;186m+[38;2;179;15;189m=[38;2;199;15;203mx[38;2;157;11;166m8[38;2;183;10;191m8[38;2;182;12;187m8[38;2;161;11;169m8[38;2;163;11;174m8[38;2;140;10;153m8[38;2;223;20;232m=[38;2;176;18;187m*[38;2;147;15;159m*[38;2;195;15;206mx[38;2;203;17;212m=[38;2;170;18;179m+[38;2;177;15;182m=[38;2;204;18;211mx[38;2;184;13;190m8[38;2;163;12;169m8[38;2;160;13;167m8[38;2;173;13;182m8[38;2;193;14;205mx[38;2;184;17;198m+[38;2;211;25;231m:[38;2;131;18;150m*[38;2;95;40;115m*[38;2;252;252;255m#[38;2;95;44;107m+[38;2;199;21;202m:[38;2;201;20;199mx[38;2;178;25;178m8[38;2;201;137;203m*  [0m
[0;1m                   [38;2;75;164;187m*[38;2;57;195;232m=[38;2;38;160;219m8[38;2;53;151;237m8[38;2;50;125;219m8[38;2;48;91;211m+[38;2;66;65;205m+[38;2;81;50;201m8[38;2;104;53;242m8[38;2;120;42;236m8[38;2;121;29;229m8[38;2;128;31;235m8[38;2;144;19;216m8[38;2;153;11;197m8[38;2;203;12;226m8[38;2;228;14;233m8[38;2;243;16;245m8[38;2;248;18;247m#[38;2;227;14;228m#[38;2;214;13;217m8[38;2;170;10;175m8[38;2;214;16;222mx[38;2;218;16;224mx[38;2;215;16;222m=[38;2;210;17;213m=[38;2;165;10;167m8[38;2;214;10;213m8[38;2;199;12;203m8[38;2;208;14;208mx[38;2;188;18;184m+[38;2;185;21;188m+[38;2;122;18;126m:[38;2;49;7;51m.    [38;2;127;22;203m.[38;2;86;12;133m*[38;2;94;12;136m*[38;2;188;14;217m+[38;2;171;12;182m8[38;2;181;15;201m8[38;2;122;13;151m+[38;2;77;12;113m:[38;2;156;24;182m:[38;2;115;25;134m*[38;2;162;23;171m*[38;2;119;15;115m*[38;2;183;19;183m*[38;2;197;17;208m+[38;2;188;13;195mx[38;2;205;14;201m8[38;2;213;15;214m8[38;2;199;15;203mx[38;2;168;11;172m8[38;2;189;12;188m8[38;2;187;18;186m+[38;2;168;21;176m+[38;2;186;20;186mx[38;2;164;16;160m+[38;2;173;15;174m=[38;2;180;14;181m8[38;2;227;18;226m8[38;2;229;17;229m8[38;2;226;17;231mx[38;2;213;20;222m+[38;2;207;19;209m*[38;2;146;15;149m*[38;2;106;16;108m. [38;2;73;11;154m:[38;2;88;31;181m=[38;2;139;85;205m#[38;2;131;45;185m=[38;2;211;17;200mx[38;2;193;23;181m+[38;2;179;70;169m*[38;2;12;12;12m.  [0m
[0;1m                 [38;2;89;113;154m:[38;2;75;136;209m+[38;2;50;106;181m8[38;2;62;128;232m8[38;2;69;123;243m#[38;2;80;94;235m8[38;2;63;57;183m8[38;2;65;38;161m8[38;2;94;41;195m8[38;2;117;38;231m8[38;2;122;33;240m8[38;2;120;22;210m8[38;2;111;14;178m8[38;2;165;20;251mx[38;2;167;12;205m8[38;2;201;14;217m8[38;2;232;14;239m8[38;2;241;14;239m8[38;2;229;14;226m#[38;2;232;15;226m@[38;2;245;17;237m#[38;2;238;17;233m#[38;2;228;14;225m8[38;2;190;13;188m8[38;2;158;11;160m8[38;2;186;15;191mx[38;2;193;17;190mx[38;2;185;13;189m8[38;2;229;14;225m8[38;2;201;12;198m8[38;2;207;13;207m8[38;2;192;14;192mx[38;2;194;19;194m*[38;2;191;21;191m*[38;2;150;15;150m*[38;2;168;16;177m:[38;2;127;16;135m:[38;2;116;14;142m:[38;2;129;15;168m:[38;2;143;19;179m:[38;2;197;23;227m:[38;2;157;14;177mx[38;2;171;13;184mx[38;2;163;15;173m=[38;2;183;19;197m*[38;2;230;28;246m:[38;2;163;17;182m+[38;2;189;22;204m*[38;2;175;18;177m*[38;2;174;18;169m+[38;2;192;16;184mx[38;2;241;20;225mx[38;2;190;17;181m8[38;2;208;13;198m8[38;2;210;17;189m8[38;2;183;17;160m8[38;2;222;30;194m8[38;2;243;43;206m#[38;2;231;33;194m@[38;2;200;29;169m8[38;2;177;22;155mx[38;2;187;19;170mx[38;2;174;22;153m8[38;2;228;31;198m8[38;2;233;37;197m@[38;2;244;42;209m@[38;2;234;30;212m@[38;2;201;17;190m8[38;2;170;13;165m8[38;2;217;16;216mx[38;2;248;21;250m:[38;2;58;9;72m.[38;2;110;17;167m.[38;2;60;8;95m:[38;2;79;11;164m:[38;2;77;14;149m*[38;2;142;20;166m+[38;2;194;21;192m8[38;2;195;51;193m=[38;2;135;67;135m.   [0m
[0;1m                [38;2;133;127;204m:[38;2;106;107;222m+[38;2;75;91;205m8[38;2;95;102;246m8[38;2;92;87;237m#[38;2;94;74;237m#[38;2;95;37;215m8[38;2;90;25;174m8[38;2;124;38;230m8[38;2;124;24;225m8[38;2;123;17;217m8[38;2;116;13;195m8[38;2;148;15;223m=[38;2;159;14;208m+[38;2;158;13;201m+[38;2;192;14;217mx[38;2;172;12;181m8[38;2;207;12;211m8[38;2;228;14;226m8[38;2;237;15;235m8[38;2;229;12;226m#[38;2;234;11;230m8[38;2;228;13;225m8[38;2;201;12;203m8[38;2;172;11;172m8[38;2;163;10;164m8[38;2;217;17;219m=[38;2;187;15;184mx[38;2;189;12;186m8[38;2;235;16;223m8[38;2;211;14;205m8[38;2;166;10;162m8[38;2;210;16;205mx[38;2;234;17;234m=[38;2;227;14;232m=[38;2;231;19;229m*[38;2;150;15;154m*[38;2;175;16;177m*[38;2;194;17;197m+[38;2;182;17;189m=[38;2;190;17;197m+[38;2;181;19;184m+[38;2;193;21;193m+[38;2;181;18;174m*[38;2;169;16;164m*[38;2;190;19;191m*[38;2;209;18;205m+[38;2;202;18;201m+[38;2;187;16;188m+[38;2;206;16;196m=[38;2;188;14;168m8[38;2;215;16;190m8[38;2;208;20;178m8[38;2;174;19;142m8[38;2;194;29;152m8[38;2;245;52;179m8[38;2;243;50;169m#[38;2;238;61;167m@[38;2;246;79;165m@[38;2;252;86;173m@[38;2;250;90;175m@[38;2;235;78;164m@[38;2;204;51;147m8[38;2;200;50;145m8[38;2;237;64;170m#[38;2;247;81;174m@[38;2;253;92;179m@[38;2;244;78;178m@[38;2;213;39;171m8[38;2;184;16;164m8[38;2;185;13;178m8[38;2;168;13;165mx[38;2;132;17;146m*[38;2;95;13;131m*[38;2;79;12;117m*[38;2;104;13;165m*[38;2;148;14;207m=[38;2;163;21;167m8[38;2;220;54;213m=[38;2;126;65;124m+    [0m
[0;1m                [38;2;124;87;198m+[38;2;113;78;225mx[38;2;111;85;243m8[38;2;113;69;249m8[38;2;113;55;232m#[38;2;119;43;241m8[38;2;110;24;204m8[38;2;125;23;212m8[38;2;134;15;230m8[38;2;131;12;210m8[38;2;125;11;192m8[38;2;135;13;207mx[38;2;156;15;206m=[38;2;192;17;226m+[38;2;174;16;207m=[38;2;193;15;209m=[38;2;210;14;219mx[38;2;204;14;209m8[38;2;215;13;215m8[38;2;214;12;214m8[38;2;230;14;231m8[38;2;201;10;203m8[38;2;158;9;163m8[38;2;215;13;220mx[38;2;215;14;214mx[38;2;175;10;171m8[38;2;212;15;207mx[38;2;227;18;224m=[38;2;222;15;218mx[38;2;234;14;219m8[38;2;242;19;229m8[38;2;218;15;211m8[38;2;200;16;193mx[38;2;205;18;203m=[38;2;188;14;193mx[38;2;195;17;193mx[38;2;213;20;209m=[38;2;174;14;173m=[38;2;184;17;176m+[38;2;191;18;186m+[38;2;182;14;180m=[38;2;216;21;212m+[38;2;194;16;193mx[38;2;209;16;204m=[38;2;213;16;209m=[38;2;191;16;190m=[38;2;197;17;187m+[38;2;154;10;144m8[38;2;194;12;183m8[38;2;195;14;175m8[38;2;197;15;168m8[38;2;170;14;135m8[38;2;182;31;134m8[38;2;231;56;161m8[38;2;236;66;158m@[38;2;247;75;160m@[38;2;252;89;164m@[38;2;255;96;165m@[38;2;255;104;161m@[38;2;255;100;157m@[38;2;255;110;163m@[38;2;255;125;166m@[38;2;244;120;163m@[38;2;230;88;149m8[38;2;203;60;131m8[38;2;243;112;163m@[38;2;255;133;173m@[38;2;255;131;175m@[38;2;235;92;169m#[38;2;203;46;160m8[38;2;177;14;162m8[38;2;211;16;201mx[38;2;178;19;179m=[38;2;174;16;176m*[38;2;156;16;153m*[38;2;156;15;164m+[38;2;172;14;170m8[38;2;170;21;169m8[38;2;188;103;181m+     [0m
[0;1m              [38;2;149;59;159m:[38;2;160;58;185m:[38;2;155;29;198mx[38;2;153;23;209m8[38;2;160;31;237m#[38;2;169;29;246m8[38;2;155;19;227m8[38;2;124;11;183m8[38;2;144;12;188m8[38;2;193;15;237m8[38;2;195;14;234m#[38;2;187;13;217m8[38;2;182;13;211mx[38;2;169;17;206m*[38;2;169;16;191m+[38;2;202;16;220m=[38;2;173;14;195mx[38;2;186;15;197mx[38;2;198;14;205mx[38;2;163;10;169m8[38;2;236;14;239mx[38;2;229;14;234mx[38;2;162;11;168m8[38;2;215;15;220mx[38;2;221;15;228mx[38;2;169;10;172m8[38;2;221;16;222mx[38;2;217;15;220mx[38;2;190;16;193mx[38;2;215;17;213m=[38;2;197;15;197mx[38;2;170;11;166m8[38;2;211;15;202m8[38;2;245;20;236m8[38;2;223;15;208m8[38;2;196;15;184m8[38;2;185;13;179m8[38;2;225;17;220mx[38;2;206;14;198mx[38;2;195;14;199mx[38;2;195;15;197mx[38;2;195;15;196mx[38;2;182;14;181mx[38;2;181;16;171mx[38;2;204;17;195mx[38;2;197;13;184mx[38;2;211;15;193mx[38;2;154;11;143m8[38;2;209;17;194mx[38;2;219;25;186mx[38;2;168;20;140m8[38;2;181;27;140m8[38;2;221;61;153m8[38;2;240;73;152m#[38;2;243;78;151m@[38;2;247;88;156m@[38;2;250;92;157m@[38;2;254;96;159m@[38;2;255;94;155m@[38;2;255;101;157m@[38;2;255;105;156m@[38;2;255;103;158m@[38;2;255;115;166m@[38;2;255;110;168m@[38;2;255;111;174m@[38;2;255;115;178m@[38;2;255;113;182m@[38;2;238;81;178m#[38;2;225;69;173m8[38;2;236;100;183m#[38;2;247;126;190m@[38;2;246;129;189m@[38;2;227;83;187m8[38;2;163;24;148m8[38;2;223;21;213mx[38;2;209;19;196mx[38;2;239;23;224mx[38;2;239;24;223mx[38;2;183;32;170mx[38;2;161;53;152m*      [0m
[0;1m              [38;2;192;55;198m+[38;2;193;44;208m=[38;2;156;13;168m8[38;2;205;15;215m8[38;2;224;16;240m#[38;2;233;14;244m8[38;2;220;13;232m8[38;2;162;11;175m8[38;2;218;14;232m=[38;2;222;15;226m8[38;2;228;16;235m#[38;2;218;13;223m8[38;2;160;10;163m8[38;2;192;18;201m*[38;2;162;17;163m*[38;2;178;16;187m+[38;2;187;16;202m=[38;2;213;17;221m=[38;2;213;16;222m=[38;2;188;15;200mx[38;2;201;17;208m=[38;2;212;18;219m+[38;2;198;16;207mx[38;2;210;15;212mx[38;2;180;14;187mx[38;2;216;17;233m=[38;2;195;17;200m=[38;2;210;17;214m=[38;2;213;18;217m=[38;2;215;17;207m=[38;2;223;18;224m=[38;2;158;10;153m8[38;2;217;16;202mx[38;2;180;10;168m8[38;2;242;18;224m8[38;2;234;20;212m#[38;2;234;17;212m#[38;2;200;13;184m8[38;2;160;12;146m8[38;2;200;15;193mx[38;2;192;18;175mx[38;2;202;19;185mx[38;2;169;11;158m8[38;2;201;18;180m8[38;2;194;17;172m8[38;2;223;17;197m=[38;2;213;22;181m=[38;2;189;30;149mx[38;2;168;38;117m8[38;2;247;79;161m8[38;2;243;88;151m@[38;2;244;84;146m@[38;2;254;97;152m@[38;2;255;106;154m@[38;2;255;112;159m@[38;2;255;107;160m@[38;2;255;101;159m@[38;2;255;102;166m@[38;2;255;97;171m@[38;2;255;93;176m@[38;2;255;86;180m@[38;2;255;66;188m@[38;2;237;50;191m@[38;2;240;47;211m@[38;2;241;50;218m@[38;2;238;51;216m@[38;2;249;51;231m@[38;2;232;45;223m@[38;2;246;42;244m8[38;2;211;25;215m8[38;2;173;25;170m8[38;2;215;76;196m8[38;2;250;131;220m@[38;2;251;111;214m8[38;2;190;42;165m8[38;2;232;43;208m8[38;2;199;43;180mx[38;2;197;92;189m*        [0m
[0;1m             [38;2;180;66;177m.[38;2;186;63;181m+[38;2;173;39;172m=[38;2;194;12;193m8[38;2;248;18;240m8[38;2;247;20;240m#[38;2;252;16;243m8[38;2;239;16;229m8[38;2;188;12;184m8[38;2;222;15;213m+[38;2;184;11;177m8[38;2;227;14;220m#[38;2;226;14;213m8[38;2;212;15;195m8[38;2;169;11;163m8[38;2;188;14;177m=[38;2;180;17;176m*[38;2;168;17;169m*[38;2;175;17;172m+[38;2;189;17;189m*[38;2;191;17;192m*[38;2;182;18;184m*[38;2;164;17;168m*[38;2;189;19;192m*[38;2;167;17;168m*[38;2;183;19;185m*[38;2;215;21;213m*[38;2;197;19;197m*[38;2;183;16;185m+[38;2;210;19;213m=[38;2;223;19;205mx[38;2;207;19;185m8[38;2;227;26;193m8[38;2;225;27;187m8[38;2;238;28;201m8[38;2;217;28;180m8[38;2;194;23;158m8[38;2;197;17;164m8[38;2;182;17;152m8[38;2;174;16;144m8[38;2;169;13;144m8[38;2;182;20;148m8[38;2;186;23;149m8[38;2;166;18;131m8[38;2;165;29;122m8[38;2;193;46;136m8[38;2;201;56;132m8[38;2;213;69;135m#[38;2;252;89;157m#[38;2;248;88;149m@[38;2;254;97;155m@[38;2;252;96;154m@[38;2;245;96;150m@[38;2;247;104;154m@[38;2;251;101;163m@[38;2;253;97;168m@[38;2;254;99;181m@[38;2;250;84;183m@[38;2;255;78;201m@[38;2;238;59;208m@[38;2;225;42;214m#[38;2;207;36;213m#[38;2;197;28;217m#[38;2;184;22;217m8[38;2;172;20;215m8[38;2;140;13;184m8[38;2;172;20;230mx[38;2;136;19;183m8[38;2;185;23;252mx[38;2;176;24;244mx[38;2;131;17;188m8[38;2;117;17;173m8[38;2;112;17;163m8[38;2;159;45;194m8[38;2;190;71;204m#[38;2;223;90;221m#[38;2;193;53;206m=[38;2;166;90;171m=         [0m
[0;1m             [38;2;169;97;158m:[38;2;181;89;173m+[38;2;184;51;171m+[38;2;206;19;183m+[38;2;209;26;182m8[38;2;243;33;208m@[38;2;253;37;216m#[38;2;247;30;211m#[38;2;229;17;199m8[38;2;234;15;208m=[38;2;216;18;195m=[38;2;213;13;196m8[38;2;219;15;192m8[38;2;245;21;207m8[38;2;236;17;205m8[38;2;207;18;178m8[38;2;166;12;147m8[38;2;200;14;196mx[38;2;198;15;188mx[38;2;204;17;197m=[38;2;187;17;181m=[38;2;164;17;157m*[38;2;158;17;151m:[38;2;160;19;150m:[38;2;166;25;156m:[38;2;221;26;214m:[38;2;131;19;126m*[38;2;136;20;132m*[38;2;168;20;165m*[38;2;215;17;204m+[38;2;157;14;141m8[38;2;204;22;176m8[38;2;237;39;187m#[38;2;234;50;178m@[38;2;251;55;184m@[38;2;246;57;178m@[38;2;238;59;171m@[38;2;236;57;170m@[38;2;249;49;172m8[38;2;231;46;158m8[38;2;209;40;146m8[38;2;223;56;150m8[38;2;238;68;157m8[38;2;238;73;147m#[38;2;246;90;149m@[38;2;255;110;157m@[38;2;253;110;155m@[38;2;255;111;156m@[38;2;255;103;158m@[38;2;250;92;159m#[38;2;242;93;158m@[38;2;255;102;179m@[38;2;246;89;171m@[38;2;241;88;175m@[38;2;244;75;190m#[38;2;252;67;206m8[38;2;239;68;215m@[38;2;237;57;226m@[38;2;245;59;243m@[38;2;227;48;243m@[38;2;199;31;251m8[38;2;130;13;205m8[38;2;107;13;181m8[38;2;98;11;186mx[38;2;82;12;190m+[38;2;66;17;165m*[38;2;51;22;168m*[38;2;46;20;179m*[38;2;54;26;171mx[38;2;49;30;190mx[38;2;42;35;156m8[38;2;50;42;167m8[38;2;51;45;174m8[38;2;59;49;187m8[38;2;56;40;170m8[38;2;104;41;193m8[38;2;196;72;247m#[38;2;144;59;184m8[38;2;148;85;185m:        [0m
[0;1m              [38;2;12;12;12m.[38;2;192;106;177m*[38;2;185;45;157m*[38;2;180;30;139m8[38;2;237;51;183m@[38;2;241;49;183m@[38;2;252;46;194m#[38;2;243;29;194m8[38;2;222;18;187mx[38;2;195;21;169mx[38;2;182;15;160m8[38;2;212;18;173m8[38;2;246;30;194m8[38;2;229;26;186m#[38;2;237;29;190m8[38;2;199;18;162m8[38;2;178;13;155m8[38;2;224;16;205mx[38;2;200;15;186mx[38;2;160;12;151m8[38;2;221;19;197mx[38;2;203;17;183mx[38;2;214;16;197mx[38;2;199;18;183m+[38;2;210;21;204m*[38;2;158;15;144m*[38;2;193;21;172m:[38;2;151;17;137m*[38;2;185;16;162m+[38;2;188;17;162m=[38;2;218;20;186mx[38;2;218;34;169m8[38;2;248;57;179m8[38;2;253;71;177m@[38;2;253;71;175m@[38;2;252;78;172m@[38;2;255;85;176m@[38;2;241;65;158m@[38;2;234;61;153m@[38;2;241;61;155m#[38;2;243;79;157m#[38;2;251;91;159m#[38;2;243;93;147m@[38;2;255;120;161m@[38;2;255;121;161m@[38;2;253;106;155m@[38;2;255;103;154m@[38;2;238;86;149m@[38;2;192;50;129m8[38;2;237;77;171m8[38;2;254;94;194m@[38;2;245;85;185m@[38;2;252;97;207m@[38;2;247;85;227m@[38;2;241;73;228m@[38;2;236;64;238m#[38;2;192;31;213m8[38;2;197;44;226m@[38;2;172;26;231m#[38;2;128;16;218m8[38;2;86;10;184m8[38;2;91;14;197mx[38;2;92;18;220m:[38;2;50;21;168m.[38;2;36;17;138m*[38;2;48;29;207m+[38;2;48;35;206mx[38;2;48;46;170m8[38;2;53;58;187m8[38;2;66;72;216m8[38;2;70;79;217m8[38;2;70;80;218m8[38;2;72;78;222m8[38;2;59;62;204m8[38;2;47;42;174m8[38;2;100;44;181m8[38;2;127;46;199m8[38;2;145;81;194mx        [0m
[0;1m              [38;2;209;147;185m:[38;2;162;88;134m*[38;2;222;62;164m=[38;2;230;61;163m8[38;2;248;69;175m@[38;2;247;66;172m@[38;2;244;64;172m@[38;2;236;45;170m#[38;2;181;21;140m8[38;2;218;26;170mx[38;2;179;19;138m8[38;2;205;30;151m8[38;2;252;50;180m8[38;2;229;46;165m@[38;2;244;49;175m#[38;2;255;45;185m8[38;2;239;32;178m8[38;2;176;16;137m8[38;2;222;21;183mx[38;2;179;14;149m8[38;2;201;19;157m8[38;2;215;23;165m8[38;2;234;27;180m8[38;2;216;27;164m8[38;2;208;23;161m8[38;2;201;20;158m8[38;2;186;21;146m8[38;2;177;17;140m8[38;2;222;23;175mx[38;2;182;19;145mx[38;2;178;16;144mx[38;2;206;23;159mx[38;2;197;44;137m8[38;2;241;66;163m@[38;2;249;73;166m@[38;2;246;70;160m@[38;2;248;67;162m@[38;2;231;55;150m#[38;2;215;45;141m8[38;2;253;39;172mx[38;2;231;45;158mx[38;2;254;63;174mx[38;2;214;65;144m8[38;2;235;94;156m@[38;2;255;112;173m@[38;2;253;104;172m@[38;2;246;99;169m@[38;2;243;83;177m#[38;2;246;74;196m8[38;2;235;74;201m@[38;2;237;67;216m@[38;2;232;62;217m8[38;2;234;70;231m#[38;2;217;58;240m#[38;2;211;59;242m8[38;2;185;54;237m@[38;2;178;51;244m@[38;2;158;44;240m@[38;2;129;33;244m8[38;2;81;15;186m8[38;2;56;11;158m8[38;2;58;14;176m=[38;2;49;16;174m:[38;2;33;15;162m:[38;2;35;20;191m*[38;2;29;26;171m=[38;2;36;33;203m=[38;2;51;52;231m:[38;2;29;35;162m:[38;2;40;43;185m*[38;2;42;45;198m=[38;2;40;44;214m=[38;2;42;40;186mx[38;2;51;48;220m=[38;2;42;41;206m=[38;2;44;34;177m=[38;2;86;34;166m8[38;2;106;49;162m8        [0m
[0;1m              [38;2;227;126;166m+[38;2;226;101;153mx[38;2;221;73;138m#[38;2;253;85;158m@[38;2;255;88;163m@[38;2;244;74;153m@[38;2;244;72;152m@[38;2;230;60;144m@[38;2;218;51;143m8[38;2;177;41;116m8[38;2;205;34;139mx[38;2;199;35;130mx[38;2;236;61;151m8[38;2;238;70;155m@[38;2;244;69;156m@[38;2;241;65;151m@[38;2;249;61;158m#[38;2;238;51;153m8[38;2;190;34;124m8[38;2;224;34;158mx[38;2;214;32;149mx[38;2;172;26;121m8[38;2;229;39;162m8[38;2;238;45;163m8[38;2;247;44;167m8[38;2;240;41;163m8[38;2;220;39;148m8[38;2;227;42;151m8[38;2;231;46;154m8[38;2;223;46;146m8[38;2;214;37;143m8[38;2;194;36;129m8[38;2;165;34;109m8[38;2;171;26;110m8[38;2;240;61;153m8[38;2;245;71;156m#[38;2;236;64;152m@[38;2;196;38;129m8[38;2;231;37;161m=[38;2;211;24;165m*[38;2;195;21;150m+[38;2;200;25;155m=[38;2;191;23;150mx[38;2;168;37;125m8[38;2;237;82;185m8[38;2;247;86;200m#[38;2;242;84;198m@[38;2;244;79;216m@[38;2;253;74;243m8[38;2;189;42;191m8[38;2;160;29;180m8[38;2;172;35;195m8[38;2;203;54;250m8[38;2;176;52;247m#[38;2;159;47;239m@[38;2;149;52;246m@[38;2;137;50;244m@[38;2;131;50;246m@[38;2;124;48;252m#[38;2;98;33;222m8[38;2;63;20;176m8[38;2;80;26;224mx[38;2;57;20;196m=[38;2;33;11;142m*[38;2;31;10;124m.    [38;2;13;3;39m.[38;2;33;20;161m*[38;2;36;21;185m*[38;2;41;15;175m*[38;2;35;14;143m*[38;2;64;16;125m:[38;2;100;18;145mx[38;2;118;23;173m8[38;2;142;65;187mx[38;2;157;123;177mx[38;2;143;114;159m:      [0m
[0;1m            [38;2;239;159;174m:[38;2;205;118;143m=[38;2;184;85;111m8[38;2;240;108;140m8[38;2;247;108;142m@[38;2;253;107;141m@[38;2;252;107;144m@[38;2;236;93;134m@[38;2;244;96;140m@[38;2;243;90;141m@[38;2;237;77;139m8[38;2;195;61;114m8[38;2;228;59;138mx[38;2;195;51;115mx[38;2;191;62;111m8[38;2;235;80;138m#[38;2;236;84;135m@[38;2;244;87;138m@[38;2;247;88;141m@[38;2;236;79;135m@[38;2;239;78;138m#[38;2;232;64;136m8[38;2;183;46;110m8[38;2;226;51;140mx[38;2;233;42;154mx[38;2;177;39;117m8[38;2;222;53;146m8[38;2;252;58;161m8[38;2;247;61;156m8[38;2;238;63;151m#[38;2;248;65;155m8[38;2;249;68;155m8[38;2;243;70;154m#[38;2;246;67;155m#[38;2;252;68;156m8[38;2;238;55;147m8[38;2;188;44;114m8[38;2;178;46;111m8[38;2;194;46;126m8[38;2;191;45;123m8[38;2;191;43;125m8[38;2;179;35;126m8[38;2;236;50;170mx[38;2;219;44;158mx[38;2;198;29;147m=[38;2;175;30;140m+[38;2;181;31;155m+[38;2;174;30;159m=[38;2;181;36;168mx[38;2;234;51;232mx[38;2;174;32;185m8[38;2;193;42;223m8[38;2;185;52;245m8[38;2;174;49;240m8[38;2;170;52;251m8[38;2;138;40;232m8[38;2;138;47;239m8[38;2;133;54;247m8[38;2;124;51;247m8[38;2;123;56;248m#[38;2;113;48;247m#[38;2;102;43;228m@[38;2;98;43;232m#[38;2;92;37;223m8[38;2;59;20;165m8[38;2;51;13;170mx[38;2;50;14;152m*[38;2;48;14;153m:[38;2;46;9;132m:[38;2;52;9;119m:[38;2;52;8;133m:[38;2;75;15;206m:[38;2;67;23;205m:[38;2;56;21;168m:[38;2;58;14;138m*[38;2;141;24;226m:[38;2;158;24;188mx[38;2;200;40;237m#[38;2;141;31;172m8[38;2;152;63;180m*        [0m
[0;1m           [38;2;238;155;156m:[38;2;208;119;124mx[38;2;217;99;105mx[38;2;243;124;126m8[38;2;237;125;123m@[38;2;251;126;124m@[38;2;245;119;119m@[38;2;237;116;119m@[38;2;249;116;126m8[38;2;247;117;125m#[38;2;243;110;121m@[38;2;234;93;113m#[38;2;237;98;118m8[38;2;207;74;103m8[38;2;207;72;105mx[38;2;228;88;122m=[38;2;168;64;90m8[38;2;247;105;128m8[38;2;234;103;117m@[38;2;251;118;129m@[38;2;243;110;124m@[38;2;251;113;127m#[38;2;237;97;123m#[38;2;221;78;116m8[38;2;197;61;104m8[38;2;193;51;111m8[38;2;210;56;125mx[38;2;196;50;122mx[38;2;178;43;106m8[38;2;194;53;114m8[38;2;223;64;132m8[38;2;224;61;131m8[38;2;226;66;131m8[38;2;233;61;137m8[38;2;235;70;138m#[38;2;246;78;145m8[38;2;233;80;142m@[38;2;237;72;140m#[38;2;227;64;132m8[38;2;219;57;131m8[38;2;217;49;132mx[38;2;231;44;149m=[38;2;161;28;112m8[38;2;223;56;157m8[38;2;237;64;168m#[38;2;240;58;171m#[38;2;246;64;180m8[38;2;220;46;168m8[38;2;216;31;171mx[38;2;200;28;166m=[38;2;182;24;163m*[38;2;138;17;135m:[38;2;167;18;178m*[38;2;179;24;210m+[38;2;150;20;193mx[38;2;132;29;188m8[38;2;144;45;234m8[38;2;147;52;243m8[38;2;126;48;230m8[38;2;127;50;238m8[38;2;124;52;244m8[38;2;106;37;224m8[38;2;100;27;217m8[38;2;90;27;206m8[38;2;85;22;195m8[38;2;67;14;155m8[38;2;85;16;200mx[38;2;88;14;182mx[38;2;83;12;177m+[38;2;80;12;157m*[38;2;88;15;143m*[38;2;105;22;162m:[38;2;116;18;154m:[38;2;110;14;142m*[38;2;135;16;171m*[38;2;145;18;179m=[38;2;161;20;182m8[38;2;215;37;235m8[38;2;167;36;183m*[38;2;170;68;181m+[38;2;133;68;140m:        [0m
[0;1m          [38;2;239;188;171m:[38;2;211;132;108mx[38;2;184;105;80m8[38;2;230;132;93m#[38;2;253;149;101m@[38;2;250;149;101m@[38;2;249;150;103m@[38;2;233;133;94m@[38;2;242;131;97m8[38;2;194;96;77m8[38;2;231;118;91m8[38;2;238;130;98m@[38;2;248;132;103m#[38;2;248;130;103m#[38;2;252;123;107m8[38;2;195;90;82m8[38;2;219;103;94mx[38;2;240;106;109m=[38;2;177;82;75m8[38;2;248;129;102m8[38;2;247;135;104m@[38;2;246;129;100m@[38;2;243;130;101m@[38;2;240;123;102m@[38;2;240;113;101m#[38;2;248;110;105m8[38;2;235;92;105m8[38;2;202;77;94m8[38;2;195;67;96m8[38;2;172;54;90m8[38;2;202;68;106mx[38;2;216;64;125mx[38;2;166;47;95m8[38;2;243;74;139mx[38;2;187;52;108m8[38;2;197;53;111m8[38;2;199;59;110m8[38;2;231;68;130m8[38;2;250;76;139m8[38;2;244;80;138m#[38;2;250;80;145m#[38;2;237;68;136m8[38;2;203;56;119m8[38;2;235;49;149mx[38;2;205;36;140mx[38;2;206;32;147mx[38;2;220;31;165mx[38;2;176;35;133m8[38;2;212;47;167m8[38;2;228;46;183m8[38;2;240;51;193m8[38;2;234;47;199m8[38;2;202;34;183m8[38;2;181;29;166m8[38;2;209;28;201mx[38;2;190;22;187m=[38;2;166;21;177m+[38;2;153;22;181m+[38;2;131;25;178m=[38;2;112;25;177mx[38;2;122;28;202mx[38;2;108;23;190m8[38;2;110;23;205m8[38;2;101;15;181m8[38;2;104;14;179m8[38;2;144;17;234mx[38;2;133;16;211mx[38;2;127;14;202mx[38;2;136;16;197mx[38;2;136;16;191mx[38;2;141;14;213mx[38;2;166;16;231m=[38;2;162;17;202m=[38;2;223;26;253mx[38;2;189;25;203m8[38;2;204;29;217m8[38;2;235;36;249m8[38;2;193;36;205m8[38;2;162;51;173m=[38;2;138;93;138m:          [0m
[0;1m         [38;2;229;172;137m=[38;2;232;157;110m=[38;2;227;148;81mx[38;2;219;142;76m8[38;2;243;163;85m@[38;2;255;172;88m@[38;2;249;167;82m@[38;2;238;157;79m@[38;2;240;150;79m8[38;2;225;133;72m8[38;2;227;135;80m8[38;2;247;152;87m8[38;2;244;153;83m#[38;2;241;146;81m8[38;2;246;150;84m8[38;2;239;141;81m#[38;2;231;130;79m8[38;2;187;102;64m8[38;2;222;115;82m=[38;2;240;126;90m+[38;2;183;107;68m8[38;2;238;142;89m#[38;2;237;141;87m@[38;2;254;154;91m#[38;2;239;138;82m@[38;2;238;132;81m@[38;2;241;133;84m@[38;2;244;131;91m@[38;2;234;117;87m8[38;2;206;89;77m8[38;2;199;78;81m8[38;2;178;74;75m8[38;2;170;67;80m8[38;2;211;72;105mx[38;2;205;71;107mx[38;2;229;63;121m=[38;2;198;55;108mx[38;2;224;68;126m=[38;2;208;55;119mx[38;2;174;49;94m8[38;2;215;70;120m8[38;2;232;77;137m#[38;2;236;76;137m#[38;2;246;75;139m8[38;2;233;66;136m8[38;2;217;59;129m8[38;2;205;49;124m8[38;2;162;26;108m8[38;2;202;32;144mx[38;2;213;27;161mx[38;2;216;21;169m=[38;2;200;28;156mx[38;2;199;33;162m8[38;2;250;53;223m8[38;2;234;52;213m@[38;2;244;47;233m#[38;2;246;39;236m8[38;2;224;39;223m8[38;2;237;18;241mx[38;2;181;15;188mx[38;2;162;15;177m+[38;2;126;13;132m*[38;2;109;13;129m*[38;2;109;12;144m*[38;2;104;13;128m*[38;2;124;13;148m*[38;2;126;14;136m*[38;2;138;14;145m*[38;2;160;15;175m*[38;2;136;13;144m*[38;2;174;20;180m:[38;2;151;15;159m*[38;2;191;17;195mx[38;2;184;22;185m8[38;2;227;36;229m@[38;2;219;33;224m8[38;2;159;24;162m8[38;2;203;71;198m=[38;2;12;12;12m.            [0m
[0;1m         [38;2;225;180;135m=[38;2;245;171;97m=[38;2;194;136;66m8[38;2;236;170;80m#[38;2;243;175;80m@[38;2;245;181;86m@[38;2;247;181;84m#[38;2;239;170;79m8[38;2;190;132;62m8[38;2;226;161;76m8[38;2;245;173;88m8[38;2;248;178;89m8[38;2;249;179;81m8[38;2;213;142;66m8[38;2;236;160;75m#[38;2;240;163;79m@[38;2;244;156;75m#[38;2;254;160;79m8[38;2;218;133;73m8[38;2;216;126;74mx[38;2;210;132;73mx[38;2;185;116;67m8[38;2;235;154;80m#[38;2;252;168;84m#[38;2;246;163;84m@[38;2;241;153;78m@[38;2;244;155;78m@[38;2;253;156;84m@[38;2;242;144;84m@[38;2;244;141;90m@[38;2;245;127;91m#[38;2;238;119;87m8[38;2;233;104;90m8[38;2;220;88;89m8[38;2;197;79;86m8[38;2;183;67;89m8[38;2;175;59;87m8[38;2;223;71;114mx[38;2;217;56;122mx[38;2;202;57;113mx[38;2;240;68;138m=[38;2;221;52;131mx[38;2;177;48;102m8[38;2;220;67;132m8[38;2;240;65;148m8[38;2;236;64;146m#[38;2;247;67;155m#[38;2;241;51;153m8[38;2;227;49;148m8[38;2;230;39;159m8[38;2;199;30;138m8[38;2;188;31;135m8[38;2;171;24;131m8[38;2;200;19;160mx[38;2;174;23;150m8[38;2;241;45;226m#[38;2;250;46;235m#[38;2;246;50;234m@[38;2;248;51;244m@[38;2;247;53;244m@[38;2;234;41;237m@[38;2;227;34;232m#[38;2;231;34;236m8[38;2;192;16;202m8[38;2;185;15;188m8[38;2;183;15;183m8[38;2;188;20;186m8[38;2;161;15;159m8[38;2;169;15;169m8[38;2;211;25;208m8[38;2;251;42;243m8[38;2;253;46;244m@[38;2;247;42;237m@[38;2;245;38;235m#[38;2;179;28;171m8[38;2;197;92;183m*[38;2;189;126;182m*[38;2;150;84;147m:             [0m
[0;1m       [38;2;248;195;133m:[38;2;217;164;97m*[38;2;159;116;58m8[38;2;204;145;69m8[38;2;251;186;86m8[38;2;246;182;82m8[38;2;233;171;75m8[38;2;209;155;69m8[38;2;175;130;60m8[38;2;239;178;86mx[38;2;201;150;71m8[38;2;220;164;76m8[38;2;185;134;66m8[38;2;168;124;58m8[38;2;204;154;69m8[38;2;222;164;78m8[38;2;248;186;86m8[38;2;241;181;82m#[38;2;244;174;81m8[38;2;232;168;76m#[38;2;246;177;80m8[38;2;207;140;65m8[38;2;169;113;52m8[38;2;224;150;74mx[38;2;236;158;76mx[38;2;209;144;66m8[38;2;233;158;71m#[38;2;237;163;74m#[38;2;243;170;79m#[38;2;242;168;82m@[38;2;229;154;73m@[38;2;237;155;76m@[38;2;239;139;74m@[38;2;251;145;78m#[38;2;252;140;83m#[38;2;242;123;83m#[38;2;255;125;90m8[38;2;249;116;100m8[38;2;248;110;101m8[38;2;226;95;94m8[38;2;218;84;100m8[38;2;192;71;92m8[38;2;171;58;85m8[38;2;175;53;92m8[38;2;204;55;114mx[38;2;188;48;110mx[38;2;192;41;119mx[38;2;228;55;141mx[38;2;177;44;111m8[38;2;184;41;118m8[38;2;204;51;132m8[38;2;227;54;147m8[38;2;232;49;148m8[38;2;244;57;157m8[38;2;246;56;163m8[38;2;232;44;160m8[38;2;235;47;170m8[38;2;225;35;172m8[38;2;220;37;171m8[38;2;239;47;189m8[38;2;248;51;209m8[38;2;244;54;209m#[38;2;244;48;215m#[38;2;242;50;220m#[38;2;237;46;218m#[38;2;247;36;232m8[38;2;237;29;214m8[38;2;242;33;212m8[38;2;248;36;221m8[38;2;238;46;209m#[38;2;240;60;203m@[38;2;250;67;206m@[38;2;253;76;197m@[38;2;255;82;199m@[38;2;248;78;191m@[38;2;230;71;170m8[38;2;207;75;150mx[38;2;191;118;153m:               [0m
[0;1m     [38;2;204;165;134m+[38;2;209;170;132m=[38;2;243;175;89m=[38;2;179;128;57m8[38;2;228;169;77m8[38;2;235;175;81m8[38;2;227;171;77m8[38;2;197;150;69m8[38;2;224;170;83mx[38;2;242;192;90m=[38;2;222;175;88mx[38;2;188;143;72m8[38;2;186;144;69m8[38;2;234;185;91mx[38;2;228;175;92m=[38;2;240;193;95mx[38;2;214;176;86m8[38;2;215;167;82m8[38;2;239;188;90m8[38;2;250;200;94m8[38;2;225;172;84m8[38;2;249;196;93m8[38;2;239;192;96m#[38;2;253;194;95m8[38;2;241;182;86m8[38;2;234;175;81m8[38;2;235;164;73mx[38;2;222;159;70m=[38;2;187;132;57m8[38;2;219;159;67m8[38;2;237;177;77m8[38;2;247;184;82m#[38;2;234;171;77m#[38;2;232;167;74m@[38;2;255;171;81m#[38;2;239;157;72m#[38;2;251;152;70m8[38;2;227;126;69m8[38;2;231;128;71m8[38;2;246;134;86m#[38;2;251;125;87m#[38;2;252;125;94m#[38;2;240;120;101m@[38;2;246;116;104m#[38;2;233;102;99m#[38;2;232;98;108m#[38;2;220;85;104m8[38;2;204;73;98m8[38;2;190;56;100m8[38;2;176;51;96m8[38;2;174;46;97m8[38;2;159;32;99m8[38;2;204;39;132mx[38;2;196;28;138mx[38;2;225;25;167m=[38;2;200;27;147mx[38;2;215;32;167mx[38;2;222;29;178mx[38;2;233;36;185mx[38;2;177;22;151m8[38;2;226;24;194mx[38;2;164;24;136m8[38;2;160;13;135m8[38;2;162;19;134m8[38;2;214;29;184mx[38;2;196;21;160mx[38;2;174;29;137m8[38;2;207;38;160m8[38;2;237;59;173m8[38;2;244;74;170m#[38;2;246;75;169m@[38;2;244;78;169m@[38;2;247;85;163m@[38;2;255;96;163m@[38;2;255;111;160m@[38;2;255;116;161m@[38;2;253;114;154m@[38;2;236;106;140m@[38;2;207;86;120m8[38;2;128;69;85mx               [0m
[0;1m    [38;2;162;135;115m:[38;2;130;104;81m*[38;2;193;156;117mx[38;2;215;148;69m=[38;2;188;134;59m8[38;2;191;142;62m8[38;2;251;190;86mx[38;2;226;176;81mx[38;2;224;178;84m=[38;2;230;180;88m=[38;2;240;195;91m=[38;2;226;182;88m=[38;2;233;183;92m=[38;2;224;179;85m=[38;2;209;166;82m=[38;2;206;161;85m=[38;2;233;192;97m=[38;2;244;200;102mx[38;2;237;188;101mx[38;2;192;158;85m8[38;2;223;184;97m8[38;2;213;170;94m8[38;2;241;196;101m8[38;2;247;202;100m8[38;2;249;198;101m8[38;2;236;189;96m#[38;2;243;197;103m#[38;2;237;182;91m8[38;2;197;149;67m8[38;2;248;183;87mx[38;2;223;167;76mx[38;2;180;136;62m8[38;2;240;181;85m8[38;2;248;188;86m8[38;2;248;191;88m#[38;2;237;169;77m@[38;2;247;175;76m#[38;2;248;173;78m#[38;2;251;159;79m8[38;2;246;148;73m8[38;2;255;148;82m8[38;2;244;136;82m#[38;2;240;134;85m#[38;2;246;138;93m@[38;2;243;123;89m@[38;2;244;123;94m@[38;2;246;123;101m@[38;2;241;113;101m#[38;2;251;114;107m8[38;2;248;104;114m8[38;2;249;101;116m8[38;2;251;102;122m8[38;2;226;82;116m8[38;2;206;74;110m8[38;2;206;66;119m8[38;2;184;49;108m8[38;2;181;47;108m8[38;2;173;42;113m8[38;2;159;31;110m8[38;2;162;33;114m8[38;2;170;29;128m8[38;2;166;29;123m8[38;2;171;36;122m8[38;2;189;37;130m8[38;2;195;51;133m8[38;2;198;55;134m8[38;2;208;60;131m8[38;2;245;83;152m8[38;2;233;85;143m@[38;2;242;92;145m@[38;2;247;102;139m@[38;2;253;102;140m@[38;2;253;111;139m@[38;2;252;123;135m@[38;2;253;126;126m@[38;2;253;132;117m@[38;2;255;138;120m@[38;2;255;138;117m@[38;2;255;141;115m@[38;2;251;138;115m#[38;2;179;98;83m8[38;2;226;132;120m=[38;2;198;137;131m*             [0m
[0;1m   [38;2;195;165;147m:[38;2;188;152;131m=[38;2;220;140;73m*[38;2;234;169;66m+[38;2;215;158;73m=[38;2;243;185;82m+[38;2;226;180;82m+[38;2;228;176;85m+[38;2;247;197;92m+[38;2;238;193;91m+[38;2;225;177;82m+[38;2;240;196;88m+[38;2;221;179;82m+[38;2;216;170;83m+[38;2;234;192;95m+[38;2;208;169;92m=[38;2;240;188;110m+[38;2;217;178;96m=[38;2;221;185;105m=[38;2;247;202;120m=[38;2;232;198;113mx[38;2;242;198;106mx[38;2;225;180;101m=[38;2;219;181;98mx[38;2;200;165;92m8[38;2;212;170;94m8[38;2;231;188;101m8[38;2;248;203;113m8[38;2;245;194;107m8[38;2;232;185;98m8[38;2;227;176;93m8[38;2;195;148;72m8[38;2;232;174;81mx[38;2;209;159;80mx[38;2;224;172;84mx[38;2;204;158;78m8[38;2;242;186;102m8[38;2;245;187;94m8[38;2;245;188;94m#[38;2;239;170;91m#[38;2;253;170;88m8[38;2;246;152;81m8[38;2;246;146;88m8[38;2;233;136;83m8[38;2;246;143;96m#[38;2;250;134;94m#[38;2;254;138;102m#[38;2;250;135;107m@[38;2;243;124;104m@[38;2;252;127;109m#[38;2;243;115;107m#[38;2;250;116;110m#[38;2;240;110;108m@[38;2;232;102;113m@[38;2;246;110;123m#[38;2;238;99;123m#[38;2;239;91;124m8[38;2;247;93;128m8[38;2;251;91;134m8[38;2;239;83;133m8[38;2;231;77;131m8[38;2;210;56;122m8[38;2;210;66;122m8[38;2;235;83;130m8[38;2;240;85;134m8[38;2;235;92;131m8[38;2;229;97;127m8[38;2;238;106;129m#[38;2;242;113;128m@[38;2;250;121;134m@[38;2;252;121;129m@[38;2;247;126;117m@[38;2;246;125;111m@[38;2;236;127;106m@[38;2;252;139;103m#[38;2;243;138;97m@[38;2;239;139;90m@[38;2;250;147;91m@[38;2;245;147;91m@[38;2;249;154;89m@[38;2;255;160;89m@[38;2;250;160;94m#[38;2;207;129;78m8[38;2;204;128;90m=             [0m
[0;1m  [38;2;180;153;137m=[38;2;176;140;119mx[38;2;216;134;93m*[38;2;158;87;46m*[38;2;175;122;48m*[38;2;188;136;53m*[38;2;212;160;58m*[38;2;215;167;61m*[38;2;209;157;61m*[38;2;204;157;58m*[38;2;201;158;57m*[38;2;179;138;50m*[38;2;186;146;54m*[38;2;165;125;46m*[38;2;182;132;52m*[38;2;217;171;71m*[38;2;224;176;76m*[38;2;216;166;74m*[38;2;191;149;65m*[38;2;233;186;91m*[38;2;221;175;96m+[38;2;229;193;99m+[38;2;222;179;94m+[38;2;222;180;96m+[38;2;215;179;93m=[38;2;248;198;113m+[38;2;216;172;98mx[38;2;183;149;79m8[38;2;211;167;88m8[38;2;227;179;102m8[38;2;229;180;99m8[38;2;234;183;104m8[38;2;213;165;88m8[38;2;187;142;70m8[38;2;216;163;79mx[38;2;238;184;87m+[38;2;235;181;93m=[38;2;174;130;72m8[38;2;186;140;74m8[38;2;226;172;89m8[38;2;238;168;89m8[38;2;233;160;85m8[38;2;226;143;83m8[38;2;202;119;74m8[38;2;196;117;74m8[38;2;242;138;95m8[38;2;241;134;97m#[38;2;240;133;98m#[38;2;242;131;101m#[38;2;251;130;106m8[38;2;238;126;106m#[38;2;247;120;108m#[38;2;249;119;108m#[38;2;252;122;112m#[38;2;238;108;109m#[38;2;242;113;114m#[38;2;241;108;117m#[38;2;242;98;116m8[38;2;237;101;116m#[38;2;241;104;122m#[38;2;246;96;122m8[38;2;255;108;131m8[38;2;249;103;129m8[38;2;235;94;121m8[38;2;239;100;119m8[38;2;233;101;117m8[38;2;244;114;123m8[38;2;252;119;125m8[38;2;245;116;120m#[38;2;251;126;121m#[38;2;237;129;120m@[38;2;237;126;110m@[38;2;252;143;112m#[38;2;252;141;106m#[38;2;247;141;101m#[38;2;250;145;90m#[38;2;232;138;84m@[38;2;234;143;81m#[38;2;238;145;79m#[38;2;237;150;80m#[38;2;253;167;84m#[38;2;255;169;81m@[38;2;239;160;79m@[38;2;236;158;79m8[38;2;195;127;61mx[38;2;238;188;106m*[38;2;221;185;121m+           [0m
[0;1m [38;2;205;173;154m.[38;2;119;102;95m*[38;2;158;131;116m*[38;2;238;174;111m:[38;2;243;177;109m:[38;2;181;128;71m:[38;2;213;174;153m.[38;2;243;204;123m:[38;2;239;196;117m:[38;2;200;163;86m*[38;2;174;142;77m*[38;2;171;140;77m*[38;2;236;194;109m:[38;2;174;146;79m*[38;2;242;197;94m:[38;2;214;168;66m:[38;2;241;191;76m:[38;2;238;182;67m:[38;2;178;144;61m*[38;2;177;150;69m*[38;2;187;152;66m*[38;2;175;140;65m*[38;2;210;174;78m*[38;2;227;187;91m*[38;2;234;190;102m*[38;2;228;190;101m*[38;2;231;190;99m*[38;2;221;179;99m+[38;2;228;190;110m=[38;2;208;168;101mx[38;2;240;190;112mx[38;2;243;195;113mx[38;2;176;138;80m8[38;2;241;190;107mx[38;2;241;192;109mx[38;2;184;144;84m8[38;2;221;175;98mx[38;2;224;178;103m=[38;2;228;172;100m=[38;2;206;161;89m=[38;2;210;160;91mx[38;2;186;136;85m8[38;2;191;139;86m8[38;2;191;133;87m8[38;2;189;129;91m8[38;2;237;154;110mx[38;2;190;118;93m8[38;2;213;125;101m8[38;2;216;130;108m8[38;2;234;139;123m8[38;2;224;122;110m8[38;2;221;119;108m8[38;2;216;108;107m8[38;2;209;107;105m8[38;2;211;111;106m8[38;2;217;108;108m8[38;2;237;116;115m8[38;2;236;123;119m#[38;2;249;124;124m8[38;2;254;124;124m8[38;2;245;118;121m8[38;2;229;107;115m8[38;2;231;113;114m8[38;2;238;116;119m8[38;2;231;114;116m8[38;2;236;128;122m#[38;2;247;131;124m#[38;2;243;132;122m#[38;2;244;136;122m8[38;2;244;133;119m8[38;2;248;140;120m8[38;2;225;127;106m8[38;2;215;127;102m8[38;2;231;139;104m8[38;2;218;134;99m8[38;2;197;123;87m8[38;2;191;122;82m8[38;2;180;118;75m8[38;2;239;162;92mx[38;2;179;122;71m8[38;2;180;125;69m8[38;2;186;133;63m8[38;2;212;154;75m8[38;2;214;161;76m8[38;2;214;163;74m8[38;2;181;138;60m8[38;2;233;186;72m+[38;2;193;161;78m*[38;2;233;206;110m+[38;2;171;157;98m:         [0m
[0;1m      [38;2;111;101;84m:[38;2;198;172;128m*        [38;2;195;180;141m* [38;2;182;171;125m:[38;2;12;12;12m.  [38;2;230;214;153m*[38;2;240;215;141m*[38;2;171;147;76m*[38;2;180;158;81m*[38;2;184;157;69m*[38;2;235;197;80m:[38;2;192;159;68m*[38;2;191;152;68m*[38;2;233;183;81m*[38;2;190;154;72m*[38;2;159;131;62m*[38;2;194;156;81m*[38;2;242;200;101m*[38;2;238;193;96m*[38;2;239;189;99m+[38;2;247;197;104m+[38;2;221;174;99m+[38;2;211;163;90m+[38;2;235;187;99m*[38;2;195;149;78m*[38;2;218;160;85m*[38;2;231;170;109m+[38;2;229;163;120m=[38;2;246;174;127m=[38;2;217;150;112m=[38;2;225;142;113m=[38;2;236;142;121m+[38;2;218;130;117m=[38;2;213;123;117mx[38;2;228;132;128mx[38;2;224;122;122mx[38;2;228;113;124mx[38;2;238;130;133mx[38;2;232;132;133mx[38;2;225;111;125mx[38;2;190;100;104m8[38;2;241;137;138m8[38;2;239;128;131m#[38;2;252;137;137m#[38;2;243;129;130m#[38;2;213;104;109m8[38;2;220;123;118m8[38;2;212;121;114m8[38;2;192;99;99m8[38;2;223;120;114m8[38;2;239;133;124m#[38;2;252;147;135m#[38;2;251;143;132m8[38;2;212;122;110m8[38;2;190;116;99m8[38;2;251;152;121m=[38;2;249;163;125m+[38;2;229;156;117m=[38;2;218;149;109mx[38;2;239;169;115m=[38;2;228;164;109m=[38;2;230;171;102m+[38;2;205;162;90m+[38;2;225;172;100m+[38;2;230;184;101m+[38;2;218;177;90m+[38;2;216;167;80m=[38;2;242;202;89m+[38;2;220;186;84m=[38;2;179;148;63m8[38;2;247;207;79m=[38;2;205;174;52m+[38;2;203;167;64m:[38;2;193;166;74m+[38;2;163;144;77m:        [0m
[0;1m                        [38;2;189;175;129m:  [38;2;179;166;117m:[38;2;141;135;111m:[38;2;160;149;111m: [38;2;178;163;115m:[38;2;175;160;111m:[38;2;182;169;127m:[38;2;166;151;108m:[38;2;168;148;94m:[38;2;170;147;91m.[38;2;147;140;112m:[38;2;173;165;134m*[38;2;196;175;133m*[38;2;151;124;59m:[38;2;181;154;82m*[38;2;201;170;94m*[38;2;201;171;105m*[38;2;192;153;105m*[38;2;225;174;130m*[38;2;170;133;112m*[38;2;195;136;114m*[38;2;187;127;119m*[38;2;179;114;117m*[38;2;196;123;131m*[38;2;240;143;150m*[38;2;193;116;121m=[38;2;205;118;130m=[38;2;209;126;133m=[38;2;212;130;135m=[38;2;217;133;138m=[38;2;213;135;134m=[38;2;224;140;140m=[38;2;219;134;137mx[38;2;169;106;103m8[38;2;178;115;108m8[38;2;175;110;107m8[38;2;211;136;125mx[38;2;222;145;133m+[38;2;213;139;131m+[38;2;195;132;121mx[38;2;216;139;127mx[38;2;217;144;130mx[38;2;243;160;144m=[38;2;226;159;143m=[38;2;213;152;133m+[38;2;129;81;65m:[38;2;196;149;116m*[38;2;221;171;129m*[38;2;225;176;124m*[38;2;241;200;151m:[38;2;220;180;109m*[38;2;225;188;115m*[38;2;212;180;104m*[38;2;203;170;96m*[38;2;251;216;135m:[38;2;193;169;94m*[38;2;202;174;87m*[38;2;246;214;120m:[38;2;221;189;110m:[38;2;231;195;92m*[38;2;253;218;100m*[38;2;158;136;82m*[38;2;217;190;102m*[38;2;158;135;53m:[38;2;148;134;77m:[38;2;216;202;134m+       [0m
[0;1m                                                                                                    [0m
