[0;1m           [38;2;24;181;113m:[38;2;36;242;152m+[38;2;31;224;137m=[38;2;30;226;135m=[38;2;29;222;134m=[38;2;34;211;135m+[38;2;65;234;164m:[38;2;57;241;168m.    [38;2;47;226;159m.[38;2;45;150;104m:[38;2;25;236;144m*[38;2;14;233;135mx[38;2;13;180;105m8[38;2;17;213;123mx[38;2;23;255;146m+[38;2;35;250;156m+[38;2;28;223;138m+[38;2;44;171;113m:[38;2;36;129;96m:              [0m
[0;1m       [38;2;17;148;122m:[38;2;29;238;193m=[38;2;18;232;177mx[38;2;15;215;161m8[38;2;13;218;164m8[38;2;14;250;198m8[38;2;14;254;203m#[38;2;10;240;190m@[38;2;8;239;189m@[38;2;10;238;189m@[38;2;10;243;191m@[38;2;12;239;177m#[38;2;18;189;145m8[38;2;15;237;189mx[38;2;16;229;187m8[38;2;10;238;190m@[38;2;7;246;197m@[38;2;8;246;202m@[38;2;7;244;200m@[38;2;6;247;201m@[38;2;8;245;201m@[38;2;8;244;197m@[38;2;6;246;191m@[38;2;7;245;188m@[38;2;9;245;188m@[38;2;10;252;177m@[38;2;9;243;170m@[38;2;21;228;161m8[38;2;13;243;174mx[38;2;19;223;163m=[38;2;26;225;162m=[38;2;70;248;194m:         [0m
[0;1m     [38;2;29;224;232m+[38;2;22;217;221mx[38;2;30;243;234mx[38;2;47;209;202m+[38;2;52;214;213m*[38;2;60;238;238m:[38;2;37;187;185m:[38;2;58;235;228m:[38;2;44;230;229m=[38;2;37;239;243m8[38;2;30;222;222m8[38;2;34;224;225m+[38;2;15;179;183m8[38;2;9;239;241m@[38;2;9;243;245m@[38;2;7;243;250m@[38;2;7;230;242m@[38;2;10;238;255m#[38;2;8;214;240m@[38;2;7;216;241m@[38;2;6;226;250m@[38;2;7;229;248m@[38;2;6;228;250m@[38;2;5;228;245m@[38;2;5;234;246m@[38;2;6;235;247m@[38;2;6;230;246m@[38;2;6;237;241m@[38;2;7;233;241m@[38;2;9;244;244m#[38;2;6;234;230m@[38;2;6;247;234m@[38;2;9;250;231m@[38;2;12;249;221m@[38;2;17;191;168m8[38;2;47;215;204m:       [0m
[0;1m   [38;2;22;166;186m:[38;2;25;199;210m8[38;2;28;203;217mx[38;2;27;182;225mx[38;2;17;164;217m8[38;2;14;149;205m8[38;2;16;174;237m8[38;2;13;174;241m#[38;2;15;154;212m8[38;2;44;176;239m+[38;2;44;135;171m:[38;2;47;192;209m+[38;2;36;205;222m#[38;2;13;215;240m#[38;2;9;225;253m@[38;2;8;206;249m@[38;2;7;181;238m@[38;2;8;168;228m@[38;2;11;173;241m#[38;2;6;159;233m@[38;2;5;155;239m@[38;2;7;154;241m@[38;2;6;157;238m@[38;2;8;167;245m@[38;2;6;166;244m@[38;2;7;168;247m@[38;2;6;171;245m@[38;2;9;174;247m@[38;2;7;173;247m@[38;2;8;178;248m@[38;2;9;183;251m@[38;2;9;183;246m@[38;2;9;176;233m@[38;2;13;183;225m@[38;2;10;201;240m@[38;2;7;224;250m@[38;2;10;238;253m@[38;2;10;245;251m@[38;2;19;250;253m8[38;2;30;185;193m*     [0m
[0;1m   [38;2;30;204;229m:[38;2;22;188;219m=[38;2;30;179;229mx[38;2;13;172;251m8[38;2;32;143;219m=[38;2;45;119;185m+[38;2;33;126;235mx[38;2;18;127;247m@[38;2;10;133;254m#[38;2;27;132;237mx[38;2;37;171;242mx[38;2;11;181;246m#[38;2;9;177;245m@[38;2;10;154;232m@[38;2;12;143;238m#[38;2;13;125;225m8[38;2;17;111;213m8[38;2;18;104;216m8[38;2;17;104;216m8[38;2;15;105;217m8[38;2;20;102;226m8[38;2;18;103;227m8[38;2;15;105;225m8[38;2;18;113;224m#[38;2;19;118;240m#[38;2;21;114;227m@[38;2;19;119;229m@[38;2;23;127;244m#[38;2;20;119;234m#[38;2;23;116;225m@[38;2;30;125;237m@[38;2;32;135;244m@[38;2;25;133;237m@[38;2;18;124;228m@[38;2;21;119;217m#[38;2;15;130;223m#[38;2;13;154;238m@[38;2;15;174;242m@[38;2;16;199;247m@[38;2;17;214;246m@[38;2;33;216;242mx    [0m
[0;1m      [38;2;22;186;239m=[38;2;16;153;237m#[38;2;44;119;244mx[38;2;32;97;220m8[38;2;25;96;211m8[38;2;19;132;251m#[38;2;18;164;246m@[38;2;12;179;253m@[38;2;14;154;233m8[38;2;24;123;239mx[38;2;28;103;237m8[38;2;27;84;209m8[38;2;38;82;232mx[38;2;42;71;216mx[38;2;44;66;222mx[38;2;50;69;240mx[38;2;34;49;169m8[38;2;39;57;207mx[38;2;45;61;207m=[38;2;48;64;196mx[38;2;47;70;186m8[38;2;54;82;210m8[38;2;55;94;234m8[38;2;52;99;228m@[38;2;55;108;237m@[38;2;53;104;231m@[38;2;48;94;225m#[38;2;53;86;227m8[38;2;56;85;224m#[38;2;55;78;216m#[38;2;51;74;219m#[38;2;44;60;192m8[38;2;46;78;211m8[38;2;47;97;230m@[38;2;41;101;228m@[38;2;37;112;237m#[38;2;41;143;244m@[38;2;36;169;246m#[38;2;70;171;218m+   [0m
[0;1m       [38;2;23;146;195m*[38;2;36;168;215mx[38;2;34;166;190mx[38;2;37;197;219m=[38;2;25;176;209m=[38;2;19;164;223mx[38;2;19;134;207m+[38;2;53;77;186m:[38;2;46;59;190m8[38;2;60;57;215mx[38;2;58;34;177m=[38;2;65;29;185mx[38;2;91;34;224mx[38;2;81;28;184m8[38;2;89;27;198m8[38;2;92;21;181m8[38;2;138;44;229m8[38;2;147;61;253m#[38;2;136;55;244m#[38;2;126;54;244m#[38;2;120;50;233m#[38;2;103;40;215m#[38;2;85;35;198m8[38;2;94;54;223m8[38;2;98;68;235m@[38;2;108;88;253m@[38;2;105;74;249m#[38;2;104;56;241m8[38;2;95;30;229mx[38;2;88;23;198mx[38;2;107;29;232mx[38;2;104;49;228m#[38;2;100;50;236m8[38;2;101;48;241mx[38;2;94;63;228m#[38;2;96;93;250m@[38;2;94;111;252m@[38;2;85;119;227m#[38;2;102;127;188m*  [0m
[0;1m          [38;2;56;134;133m:[38;2;30;213;227mx[38;2;24;173;199m+[38;2;46;52;147m:[38;2;61;48;168m8[38;2;74;32;179m8[38;2;121;20;222m=[38;2;133;12;204mx[38;2;157;13;210mx[38;2;184;15;230mx[38;2;171;15;211mx[38;2;158;11;176m8[38;2;189;16;200m8[38;2;206;18;220mx[38;2;187;17;207m+[38;2;252;252;255m#[38;2;163;21;192m+[38;2;194;19;225m*[38;2;151;19;179m=[38;2;131;13;165mx[38;2;151;16;193m+[38;2;143;18;197mx[38;2;168;32;229m#[38;2;187;36;247m#[38;2;166;25;226m#[38;2;139;15;211mx[38;2;126;16;176m+[38;2;131;15;190mx[38;2;135;12;185m8[38;2;140;14;191m=[38;2;136;16;184m8[38;2;166;34;233m@[38;2;167;40;249m#[38;2;129;35;203m8[38;2;154;48;235m#[38;2;128;53;178m8[38;2;192;105;205m. [0m
[0;1m         [38;2;62;121;128m.[38;2;46;158;183m=[38;2;27;184;226m8[38;2;45;104;197mx[38;2;76;50;183m8[38;2;118;52;243m8[38;2;133;22;221m8[38;2;176;13;216m8[38;2;234;15;248m8[38;2;240;16;246m8[38;2;230;15;241mx[38;2;218;17;228m=[38;2;181;12;185m8[38;2;211;15;212mx[38;2;183;20;178m:[38;2;62;13;151m:[38;2;72;37;128m*[38;2;72;20;148m.[38;2;95;44;158m:[38;2;252;252;255m#[38;2;164;16;183mx[38;2;130;20;143m:[38;2;183;19;194m*[38;2;186;15;193mx[38;2;182;12;190m8[38;2;183;12;191m8[38;2;215;15;236mx[38;2;167;17;179m+[38;2;179;15;193m=[38;2;184;15;196m=[38;2;180;15;191mx[38;2;174;12;182m8[38;2;198;14;207m8[38;2;167;14;180mx[38;2;166;19;184m*[38;2;252;252;255m#[38;2;191;26;201mx[38;2;208;63;210mx [0m
[0;1m        [38;2;80;114;168m.[38;2;62;135;213mx[38;2;60;122;225m#[38;2;56;66;177m8[38;2;95;41;202m8[38;2;119;32;226m8[38;2;128;18;200m8[38;2;187;13;215m8[38;2;240;14;241m8[38;2;231;15;227m@[38;2;229;16;226m#[38;2;181;12;182m8[38;2;194;15;197mx[38;2;180;12;179m8[38;2;196;12;195m8[38;2;186;16;186m=[38;2;183;20;184m:[38;2;188;22;199m.[38;2;88;11;113m:[38;2;125;15;155m*[38;2;159;13;176mx[38;2;159;14;174mx[38;2;149;16;172m*[38;2;164;21;172m*[38;2;185;17;177m=[38;2;234;18;226mx[38;2;203;16;188m8[38;2;207;27;186m8[38;2;191;25;167m8[38;2;177;19;165mx[38;2;187;24;167m8[38;2;243;34;219m#[38;2;193;17;185m8[38;2;185;15;185mx[38;2;74;11;84m.[38;2;64;10;119m:[38;2;112;45;187m+[38;2;179;25;180mx[38;2;181;78;174m. [0m
[0;1m       [38;2;74;57;110m.[38;2;102;87;208mx[38;2;107;88;253m8[38;2;108;51;236m8[38;2;115;25;206m8[38;2;125;15;209m8[38;2;135;13;201mx[38;2;166;14;199m=[38;2;232;16;244mx[38;2;223;14;223m8[38;2;239;13;238m8[38;2;201;11;201m8[38;2;240;15;241mx[38;2;210;15;208mx[38;2;180;12;174m8[38;2;215;15;207m8[38;2;197;15;193mx[38;2;208;16;209m=[38;2;178;16;178m+[38;2;201;18;202m+[38;2;203;20;203m+[38;2;211;18;208m+[38;2;189;17;189m+[38;2;184;14;176mx[38;2;234;17;214mx[38;2;196;17;165m8[38;2;211;40;158m8[38;2;250;67;170m#[38;2;248;83;165m@[38;2;253;97;167m@[38;2;239;95;163m#[38;2;223;73;153m#[38;2;253;110;176m@[38;2;219;66;167m#[38;2;181;14;170m8[38;2;158;18;164m+[38;2;124;14;145m*[38;2;176;17;194mx[38;2;179;48;175m=  [0m
[0;1m       [38;2;189;48;214m*[38;2;168;21;209m8[38;2;174;22;228m#[38;2;137;11;177m8[38;2;193;14;222m#[38;2;228;15;252mx[38;2;153;15;171m+[38;2;201;17;219m=[38;2;195;14;203mx[38;2;216;14;222mx[38;2;222;16;231mx[38;2;209;15;215mx[38;2;207;15;211mx[38;2;191;15;193mx[38;2;204;15;201mx[38;2;202;15;192m8[38;2;225;17;209m8[38;2;183;13;174m8[38;2;203;15;199mx[38;2;198;16;194mx[38;2;217;19;202mx[38;2;207;15;190mx[38;2;212;21;188mx[38;2;183;38;139m8[38;2;202;52;142m#[38;2;251;87;157m#[38;2;250;94;157m@[38;2;255;97;161m@[38;2;255;99;164m@[38;2;251;93;172m@[38;2;250;90;186m@[38;2;247;87;194m@[38;2;239;66;202m8[38;2;233;99;191m#[38;2;229;98;193m#[38;2;166;23;154m8[38;2;228;31;212mx[38;2;188;40;176m+   [0m
[0;1m      [38;2;233;109;223m.[38;2;186;40;182m=[38;2;231;20;217m8[38;2;243;23;225m#[38;2;252;17;235mx[38;2;188;12;178m8[38;2;223;16;202m8[38;2;228;18;208mx[38;2;174;15;168m=[38;2;187;16;184m+[38;2;181;18;180m*[38;2;161;17;161m*[38;2;163;18;162m*[38;2;183;19;182m*[38;2;202;18;196m=[38;2;204;22;177m8[38;2;227;35;182m#[38;2;216;37;169m#[38;2;211;30;164m8[38;2;186;23;146m8[38;2;199;36;149m8[38;2;207;54;141m8[38;2;241;84;155m8[38;2;241;90;150m@[38;2;250;96;156m@[38;2;248;97;159m@[38;2;242;91;165m@[38;2;246;83;189m@[38;2;246;67;217m@[38;2;200;34;215m#[38;2;156;20;198m8[38;2;160;18;224mx[38;2;137;21;209mx[38;2;137;27;231mx[38;2;97;26;174m8[38;2;126;46;192m8[38;2;196;79;225m8[38;2;165;67;191m=    [0m
[0;1m       [38;2;173;82;144m*[38;2;202;48;147m8[38;2;247;61;179m@[38;2;225;34;171m8[38;2;227;24;183mx[38;2;236;37;176m8[38;2;237;42;177m#[38;2;212;25;165m8[38;2;225;19;192mx[38;2;187;17;153m8[38;2;205;22;166m8[38;2;246;27;198mx[38;2;209;22;168mx[38;2;190;19;154mx[38;2;202;22;162mx[38;2;238;58;166m8[38;2;250;73;167m@[38;2;250;66;164m#[38;2;214;45;142m8[38;2;209;60;137m8[38;2;237;99;155m@[38;2;252;106;167m@[38;2;247;86;172m#[38;2;241;77;197m#[38;2;245;77;214m#[38;2;234;72;235m#[38;2;204;56;242m#[38;2;168;42;244m#[38;2;87;14;187m8[38;2;63;14;176m*[38;2;30;16;146m*[38;2;41;35;193m=[38;2;50;55;198m+[38;2;56;61;210mx[38;2;63;64;231mx[38;2;46;43;198mx[38;2;88;38;161m8[38;2;114;67;157m:   [0m
[0;1m      [38;2;193;111;134m*[38;2;208;92;126m8[38;2;252;100;147m@[38;2;245;92;146m@[38;2;242;78;145m#[38;2;177;48;108m8[38;2;182;52;110m8[38;2;252;83;151m#[38;2;239;75;141m@[38;2;235;66;140m8[38;2;178;39;113m8[38;2;184;32;125m8[38;2;219;47;146m8[38;2;242;54;156m8[38;2;246;60;157m8[38;2;224;57;143m#[38;2;221;53;138m8[38;2;206;52;128m8[38;2;202;47;131m8[38;2;225;43;157mx[38;2;197;33;146mx[38;2;204;41;159m=[38;2;233;64;198mx[38;2;203;55;191m8[38;2;192;42;212m8[38;2;177;47;231m8[38;2;151;45;230m#[38;2;134;49;238m#[38;2;125;53;252m#[38;2;97;39;224m#[38;2;87;31;238mx[38;2;47;13;156m*[38;2;66;15;184m.[38;2;74;12;193m.[38;2;59;21;194m:[38;2;52;14;150m*[38;2;159;26;198m+[38;2;132;31;167m8[38;2;142;102;161m:   [0m
[0;1m     [38;2;241;152;130m+[38;2;216;118;92m8[38;2;243;139;107m@[38;2;238;129;103m@[38;2;235;117;103m8[38;2;253;128;112m#[38;2;232;111;103m#[38;2;225;99;102mx[38;2;183;81;86m8[38;2;238;120;106m@[38;2;239;121;107m@[38;2;230;101;105m#[38;2;221;78;107m8[38;2;178;59;92m8[38;2;238;72;133mx[38;2;185;53;108m8[38;2;203;58;117m8[38;2;225;69;128m8[38;2;232;71;132m#[38;2;223;63;130m8[38;2;243;53;154mx[38;2;179;35;127m8[38;2;200;44;150m8[38;2;206;41;165m8[38;2;181;34;155m8[38;2;207;31;196mx[38;2;193;26;208m=[38;2;143;32;197mx[38;2;140;41;233mx[38;2;112;31;209m8[38;2;100;19;191m8[38;2;126;19;227mx[38;2;118;15;195mx[38;2;135;15;206m=[38;2;157;18;202m+[38;2;208;27;229mx[38;2;184;27;201m8[38;2;193;46;209mx[38;2;123;56;129m:    [0m
[0;1m    [38;2;190;139;88m=[38;2;199;140;67m8[38;2;253;179;85m#[38;2;231;163;77m#[38;2;216;147;72m8[38;2;233;158;81m8[38;2;235;160;77m8[38;2;237;159;79m#[38;2;236;148;74m8[38;2;241;145;81mx[38;2;193;120;67m8[38;2;241;156;81m#[38;2;238;149;79m@[38;2;248;151;86m@[38;2;239;135;83m#[38;2;233;115;85m8[38;2;211;92;87m8[38;2;184;69;84m8[38;2;230;75;117mx[38;2;233;69;126mx[38;2;184;52;108m8[38;2;200;54;121m8[38;2;225;56;140m8[38;2;206;44;137m8[38;2;195;33;136m8[38;2;200;35;150m8[38;2;220;40;187m8[38;2;220;37;201m#[38;2;234;41;221m8[38;2;207;36;203m8[38;2;178;28;180m8[38;2;235;26;235mx[38;2;233;29;228mx[38;2;179;29;171m8[38;2;218;45;200m8[38;2;216;38;200m8[38;2;204;55;199m=[38;2;193;78;189m:      [0m
[0;1m  [38;2;152;127;106m:[38;2;249;184;109m+[38;2;203;149;68m8[38;2;218;165;77m8[38;2;241;182;85mx[38;2;217;168;83mx[38;2;254;196;94mx[38;2;210;162;80mx[38;2;202;161;78m8[38;2;241;191;95m8[38;2;246;192;95m8[38;2;230;176;85m#[38;2;216;161;78m8[38;2;242;172;77mx[38;2;220;159;70m8[38;2;249;184;85m#[38;2;249;181;82m#[38;2;250;163;75m#[38;2;233;133;71m#[38;2;243;128;84m#[38;2;250;124;97m#[38;2;233;106;97m#[38;2;225;92;106m8[38;2;190;65;97m8[38;2;179;52;100m8[38;2;236;56;145mx[38;2;178;35;118m8[38;2;185;37;131m8[38;2;188;34;140m8[38;2;191;31;153m8[38;2;199;37;160m8[38;2;196;37;159m8[38;2;221;47;171m8[38;2;229;59;163m#[38;2;238;73;164m@[38;2;253;97;166m@[38;2;255;111;157m@[38;2;251;110;147m#[38;2;189;93;114m=[38;2;130;93;97m.      [0m
[0;1m [38;2;186;152;132m:[38;2;187;135;89m+[38;2;201;147;66m=[38;2;209;159;68m=[38;2;233;184;80m+[38;2;212;166;75m+[38;2;204;162;73m+[38;2;223;178;85m+[38;2;231;184;96m+[38;2;221;181;98m=[38;2;215;180;96mx[38;2;230;188;102mx[38;2;195;157;85m8[38;2;235;188;101m8[38;2;229;179;93m8[38;2;185;141;72m8[38;2;246;185;90mx[38;2;188;146;70m8[38;2;235;175;87m8[38;2;234;164;83m#[38;2;238;147;82m8[38;2;237;138;88m8[38;2;252;136;98m#[38;2;250;127;103m#[38;2;242;115;106m#[38;2;247;112;113m#[38;2;233;101;116m#[38;2;236;89;122m8[38;2;238;87;129m8[38;2;221;77;126m8[38;2;213;69;123m8[38;2;227;82;127m8[38;2;238;99;130m8[38;2;254;118;135m#[38;2;244;119;123m@[38;2;240;125;111m@[38;2;241;134;98m@[38;2;239;140;91m@[38;2;247;153;91m@[38;2;248;156;92m8[38;2;209;136;94m=[38;2;134;112;73m:     [0m
[0;1m [38;2;145;121;109m:[38;2;153;111;67m:[38;2;174;144;99m:[38;2;169;139;81m:[38;2;175;143;77m:[38;2;157;130;73m:[38;2;183;152;83m:[38;2;197;160;74m:[38;2;212;176;85m:[38;2;222;184;91m:[38;2;216;183;95m*[38;2;214;179;92m*[38;2;231;188;96m*[38;2;219;176;99m=[38;2;196;157;88mx[38;2;211;167;93mx[38;2;234;184;104mx[38;2;224;178;101m=[38;2;235;182;101m+[38;2;216;159;96mx[38;2;247;174;117mx[38;2;227;147;110mx[38;2;182;109;90m8[38;2;203;115;105m8[38;2;197;101;100m8[38;2;194;101;101m8[38;2;222;112;113m8[38;2;237;124;123m#[38;2;251;125;128m8[38;2;227;116;116m8[38;2;227;117;116m8[38;2;243;133;125m#[38;2;247;138;125m8[38;2;218;126;107m8[38;2;189;115;90m8[38;2;183;118;84m8[38;2;235;157;101mx[38;2;222;157;91mx[38;2;237;174;87mx[38;2;185;141;66m8[38;2;180;141;61m8[38;2;211;177;73m*[38;2;230;202;106m:    [0m
[0;1m             [38;2;205;194;151m.[38;2;155;143;105m.[38;2;240;220;154m.[38;2;224;204;147m.[38;2;113;98;61m.[38;2;149;141;114m:[38;2;156;135;86m:[38;2;199;169;92m:[38;2;206;165;114m:[38;2;179;134;113m:[38;2;185;123;118m:[38;2;226;136;144m:[38;2;189;111;120m*[38;2;203;123;129m*[38;2;202;127;128m*[38;2;203;126;126m+[38;2;206;133;125m=[38;2;239;154;142m*[38;2;186;123;114m*[38;2;201;133;121m+[38;2;228;154;138m*[38;2;201;141;122m:[38;2;205;157;121m:[38;2;182;148;108m:[38;2;224;185;113m:[38;2;191;162;96m:[38;2;191;166;92m:[38;2;171;148;80m:[38;2;231;196;92m:[38;2;158;136;82m:[38;2;141;124;61m:[38;2;239;223;148m.   [0m
