[0;1m                    [38;2;51;142;111m:[38;2;56;173;124m:[38;2;60;174;129m:[38;2;53;194;130m:[38;2;66;186;127m:[38;2;56;173;126m:[38;2;58;188;132m:[38;2;52;174;122m:[38;2;53;187;133m:[38;2;64;159;120m.           [38;2;61;167;112m:[38;2;19;158;83m:[38;2;15;170;93m:[38;2;17;216;113m=[38;2;21;216;124m=[38;2;19;225;117m=[38;2;20;216;112m*[38;2;27;164;97m:[38;2;42;162;98m:[38;2;73;189;141m:[38;2;56;157;121m.[38;2;37;145;93m:[38;2;74;249;167m.                          [0m
[0;1m               [38;2;21;210;153m.[38;2;23;230;156m=[38;2;21;229;159mx[38;2;16;195;133m8[38;2;14;233;152m8[38;2;17;236;154m@[38;2;16;249;153m@[38;2;16;249;160m@[38;2;10;235;146m@[38;2;13;247;157m@[38;2;12;244;151m@[38;2;13;249;157m@[38;2;16;243;157m@[38;2;13;191;126m8[38;2;22;194;136m8[38;2;22;183;124m8[38;2;35;172;114m*[38;2;82;178;149m.  [38;2;53;165;126m.[38;2;27;213;147m=[38;2;13;230;160m=[38;2;17;192;133m8[38;2;13;188;127m8[38;2;16;188;135m8[38;2;15;191;128m8[38;2;13;233;156m@[38;2;11;240;164m@[38;2;7;248;165m@[38;2;12;246;168m@[38;2;11;246;156m@[38;2;13;250;163m@[38;2;13;245;155m@[38;2;14;247;160m@[38;2;14;247;158m@[38;2;13;247;152m@[38;2;17;232;149m@[38;2;18;192;119m8[38;2;20;200;128m8[38;2;22;193;125m8[38;2;26;229;134m+[38;2;78;181;135m:                      [0m
[0;1m             [38;2;80;240;202m*[38;2;24;239;182m#[38;2;12;241;189m#[38;2;7;237;184m@[38;2;13;240;199m@[38;2;16;246;201m#[38;2;16;243;194m#[38;2;7;243;202m#[38;2;9;242;193m@[38;2;12;250;207m#[38;2;7;246;187m@[38;2;9;248;192m@[38;2;9;241;186m@[38;2;8;243;190m@[38;2;10;242;194m@[38;2;8;252;190m@[38;2;11;249;186m@[38;2;14;247;169m@[38;2;16;237;168m@[38;2;21;179;129m8[38;2;29;247;179mx[38;2;25;244;174m#[38;2;16;244;179m@[38;2;12;247;193m@[38;2;9;246;191m@[38;2;8;246;197m@[38;2;8;250;191m@[38;2;8;251;203m@[38;2;6;242;191m@[38;2;6;246;197m@[38;2;8;247;201m@[38;2;6;244;196m@[38;2;8;244;202m@[38;2;7;251;190m@[38;2;9;246;202m@[38;2;6;244;188m@[38;2;8;244;197m@[38;2;7;239;188m@[38;2;8;246;185m@[38;2;10;246;188m@[38;2;9;252;166m@[38;2;13;253;175m@[38;2;10;250;175m@[38;2;12;247;157m@[38;2;18;252;158m@[38;2;20;240;155m#[38;2;16;182;120m8[38;2;39;214;149m*[38;2;54;241;167m*[38;2;46;216;154m*[38;2;67;209;173m+[38;2;93;162;136m.               [0m
[0;1m          [38;2;48;164;159m:[38;2;23;220;212m*[38;2;17;218;194m8[38;2;15;177;152m8[38;2;28;182;148m8[38;2;38;205;172m*[38;2;24;169;129m:[38;2;24;207;158m:[38;2;23;178;150m:[38;2;30;209;182m*[38;2;29;240;217m=[38;2;37;255;235mx[38;2;31;234;224m#[38;2;27;245;233m#[38;2;22;241;236m#[38;2;17;245;234m#[38;2;15;250;240m#[38;2;12;216;210m8[38;2;10;178;161m8[38;2;11;222;209m8[38;2;10;240;213m@[38;2;9;247;221m@[38;2;8;247;212m@[38;2;6;249;227m@[38;2;7;247;228m@[38;2;7;249;234m@[38;2;7;246;240m@[38;2;7;243;237m@[38;2;7;229;238m@[38;2;5;232;231m@[38;2;7;232;233m@[38;2;8;237;234m@[38;2;6;246;244m@[38;2;9;239;239m@[38;2;6;245;237m@[38;2;7;242;243m@[38;2;5;246;231m@[38;2;6;239;230m@[38;2;4;244;227m@[38;2;7;243;235m@[38;2;7;244;233m@[38;2;6;245;227m@[38;2;8;238;229m@[38;2;7;246;216m@[38;2;8;250;225m@[38;2;6;250;225m@[38;2;7;247;215m@[38;2;7;250;211m@[38;2;5;249;209m@[38;2;8;252;206m@[38;2;12;254;203m@[38;2;11;253;200m@[38;2;14;253;194m@[38;2;19;234;182m@[38;2;27;194;152m8[38;2;34;185;144m:              [0m
[0;1m        [38;2;35;204;215m+[38;2;25;215;219m8[38;2;12;182;184m8[38;2;18;172;177m8[38;2;53;245;236m*[38;2;51;215;213m+[38;2;53;212;213m+[38;2;49;214;217m+[38;2;55;222;226m+[38;2;54;204;207m*[38;2;25;177;191m:[38;2;46;194;195m:[38;2;40;133;133m:[38;2;59;197;202m*[38;2;48;249;251m*[38;2;38;238;239m=[38;2;41;234;239m#[38;2;37;232;234m#[38;2;45;229;233m*[38;2;45;232;234m*[38;2;38;221;227m=[38;2;12;236;243m@[38;2;8;241;248m@[38;2;8;245;253m@[38;2;9;242;250m@[38;2;8;240;254m@[38;2;7;237;252m@[38;2;6;226;240m@[38;2;12;226;251m#[38;2;9;229;252m#[38;2;13;223;255m#[38;2;9;214;245m@[38;2;7;214;246m@[38;2;5;216;246m@[38;2;3;226;253m@[38;2;7;214;248m@[38;2;7;223;247m@[38;2;5;219;251m@[38;2;6;222;247m@[38;2;5;221;248m@[38;2;5;227;247m@[38;2;6;229;253m@[38;2;6;228;250m@[38;2;6;230;249m@[38;2;5;225;248m@[38;2;5;234;246m@[38;2;6;229;242m@@[38;2;10;225;240m@[38;2;10;228;237m#[38;2;8;232;243m#[38;2;5;232;237m@[38;2;4;245;244m@[38;2;7;244;240m@[38;2;10;252;246m@[38;2;9;251;237m@[38;2;11;252;235m@[38;2;15;239;213m@[38;2;23;199;180m8[38;2;48;233;221m+[38;2;37;116;113m.           [0m
[0;1m      [38;2;39;157;171m:[38;2;33;215;225m8[38;2;16;216;229m8[38;2;42;217;226m=[38;2;55;226;243m*[38;2;40;215;248m=[38;2;17;148;190m8[38;2;16;136;177m8[38;2;15;138;178m8[38;2;13;139;183m8[38;2;23;193;239m@[38;2;11;171;232m8[38;2;12;137;184m8[38;2;19;145;180m8[38;2;56;204;248m*[38;2;38;146;186m*[38;2;19;83;99m.[38;2;35;178;182m:[38;2;42;180;192mx[38;2;47;207;215m8[38;2;43;203;216m@[38;2;18;205;224m8[38;2;11;236;250m@[38;2;9;228;254m@[38;2;9;223;254m@[38;2;10;212;255m@[38;2;5;200;246m@[38;2;7;187;238m@[38;2;10;175;224m@@[38;2;8;174;234m@[38;2;5;174;242m@[38;2;5;165;247m@[38;2;5;172;250m@[38;2;6;173;254m@[38;2;6;170;247m@[38;2;5;181;250m@[38;2;6;168;244m@[38;2;6;179;248m@[38;2;3;175;247m@[38;2;4;177;243m@[38;2;6;175;247m@[38;2;6;180;244m@[38;2;4;180;250m@[38;2;7;185;252m@[38;2;7;188;250m@[38;2;7;183;249m@[38;2;8;190;249m@[38;2;9;189;252m@[38;2;9;194;252m@[38;2;7;196;251m@[38;2;8;191;241m@[38;2;10;183;235m@[38;2;8;180;223m@[38;2;14;193;227m@[38;2;8;206;237m@[38;2;7;220;255m@[38;2;6;230;252m@[38;2;7;240;255m@[38;2;11;246;255m@[38;2;9;253;255m@[38;2;9;252;252m@[38;2;17;245;241m@[38;2;29;229;232mx[38;2;51;205;213m:         [0m
[0;1m     [38;2;24;154;165m:[38;2;18;218;249m#[38;2;16;169;181m8[38;2;53;197;217m*[38;2;25;152;183m8[38;2;14;185;249m#[38;2;10;168;237m@[38;2;8;170;246m#[38;2;11;158;237m#[38;2;9;164;243m#[38;2;10;165;249m#[38;2;10;166;253m@[38;2;10;159;248m@[38;2;9;153;238m@[38;2;8;150;231m@[38;2;20;117;181m8[38;2;51;137;201m*[38;2;60;145;203m+[38;2;40;104;138m*[38;2;46;154;177m=[38;2;22;199;228m@[38;2;7;199;234m@[38;2;8;217;252m@[38;2;9;209;251m@[38;2;8;184;244m@[38;2;6;171;237m@[38;2;8;151;225m@[38;2;9;142;218m@[38;2;6;139;219m@[38;2;9;147;227m#[38;2;11;139;228m#[38;2;6;134;223m@[38;2;7;131;223m@[38;2;7;125;218m@[38;2;6;126;219m@[38;2;9;120;222m@[38;2;6;122;218m@[38;2;7;125;218m@[38;2;10;136;229m@[38;2;11;153;244m@[38;2;10;146;240m@[38;2;10;149;240m@[38;2;9;151;249m@[38;2;9;150;244m@[38;2;9;149;243m@[38;2;11;148;240m@[38;2;10;150;241m@[38;2;9;150;244m@[38;2;7;154;245m@[38;2;11;155;246m@[38;2;13;156;248m@[38;2;12;163;250m@[38;2;13;166;247m@[38;2;13;168;251m@[38;2;9;163;244m@[38;2;10;158;221m@[38;2;21;165;225m#[38;2;22;165;226m@[38;2;9;176;229m@[38;2;8;204;249m@[38;2;9;214;250m@[38;2;7;223;251m@[38;2;9;231;253m@[38;2;10;237;252m@[38;2;11;242;252m@[38;2;21;214;223m@[38;2;37;167;174m:        [0m
[0;1m     [38;2;30;154;165m:[38;2;20;165;189m8[38;2;20;169;193m8[38;2;18;144;181m8[38;2;17;168;231m8[38;2;11;167;240m@[38;2;16;123;182m8[38;2;40;122;180m+[38;2;52;133;191m+[38;2;43;132;192m*[38;2;34;146;240m+[38;2;17;129;229m8[38;2;15;135;249m@[38;2;14;137;250m@[38;2;7;132;236m@[38;2;23;145;253mx[38;2;37;124;197m*[38;2;59;143;200m+[38;2;26;187;253mx[38;2;12;186;246m@[38;2;10;190;248m@[38;2;9;191;249m@[38;2;10;178;243m@[38;2;9;159;235m@[38;2;12;143;232m#[38;2;9;134;228m8[38;2;14;130;231m8[38;2;16;126;224m8[38;2;14;112;225m8[38;2;17;118;227m8[38;2;15;117;226m8[38;2;15;120;228m8[38;2;11;114;227m8[38;2;17;110;235m8[38;2;15;111;227m8[38;2;16;114;237m8[38;2;11;118;243m8[38;2;13;119;243m8[38;2;14;116;232m#[38;2;16;126;235m@[38;2;16;122;236m@[38;2;17;126;238m@[38;2;18;125;235m@[38;2;17;123;231m@[38;2;15;121;227m@[38;2;18;122;228m@[38;2;15;123;229m@[38;2;19;122;232m@[38;2;17;125;232m@[38;2;18;126;235m@[38;2;24;132;240m@[38;2;26;139;246m@[38;2;28;144;247m@[38;2;24;142;243m@[38;2;18;142;240m@[38;2;14;136;234m@[38;2;10;132;233m#[38;2;21;133;226m#[38;2;18;135;222m8[38;2;13;151;241m#[38;2;12;161;239m@[38;2;9;175;246m@[38;2;12;183;244m@[38;2;14;204;246m@[38;2;14;219;249m@[38;2;14;222;247m@[38;2;20;216;234m8[38;2;49;195;211m+       [0m
[0;1m        [38;2;50;182;206m.[38;2;41;161;196m:[38;2;10;130;181m8[38;2;11;154;240m@[38;2;26;136;231m=[38;2;43;109;199m+[38;2;48;113;252mx[38;2;38;101;236m8[38;2;26;104;247m@[38;2;21;104;240m@[38;2;18;108;248m#[38;2;10;110;244m#[38;2;25;130;242m#[38;2;22;154;226m8[38;2;20;178;245m@[38;2;11;181;252m@[38;2;9;169;247m@[38;2;9;140;226m@[38;2;10;126;223m#[38;2;14;117;223m#[38;2;15;118;237m8[38;2;19;100;210m8[38;2;16;83;181m8[38;2;21;77;183m8[38;2;21;73;173m8[38;2;24;72;182m8[38;2;22;69;172m8[38;2;19;65;166m8[38;2;22;67;172m8[38;2;21;67;178m8[38;2;28;69;193m8[38;2;22;67;182m8[38;2;26;66;183m8[38;2;28;88;233mx[38;2;24;79;203mx[38;2;28;80;204mx[38;2;32;91;228mx[38;2;26;74;183m8[38;2;26;85;202m8[38;2;28;92;221m8[38;2;38;109;237m#[38;2;34;108;227m@[38;2;39;116;243m#[38;2;35;113;235m#[38;2;35;103;227m8[38;2;29;95;220m8[38;2;40;100;231m8[38;2;46;107;244m8[38;2;44;105;228m@[38;2;42;107;229m@[38;2;40;102;221m@[38;2;41;111;235m#[38;2;37;109;239m#[38;2;33;101;231m#[38;2;37;93;224m8[38;2;24;77;178m8[38;2;27;113;241m8[38;2;23;114;226m@[38;2;21;128;236m@[38;2;22;129;234m@[38;2;19;141;234m@[38;2;23;159;243m@[38;2;23;175;244m@[38;2;20;188;246m@[38;2;22;185;222m8[38;2;79;170;194m*      [0m
[0;1m          [38;2;31;149;173m:[38;2;19;185;233m8[38;2;18;144;235m@[38;2;49;128;247mx[38;2;24;87;191m8[38;2;28;86;185m8[38;2;29;90;178m8[38;2;25;84;178m8[38;2;23;113;222m@[38;2;19;145;241m@[38;2;19;176;254m@[38;2;14;185;254m@[38;2;12;176;253m@[38;2;10;160;238m@[38;2;17;113;178m8[38;2;29;94;180m+[38;2;29;93;212m8[38;2;36;102;245m8[38;2;27;85;223m8[38;2;31;59;174m8[38;2;42;71;223mx[38;2;35;47;157m8[38;2;41;56;194mx[38;2;48;56;216mx[38;2;54;60;223mx[38;2;39;44;170m8[38;2;46;48;183m8[38;2;40;46;177m8[38;2;37;40;167m8[38;2;46;53;212m=[38;2;48;47;193m+[38;2;49;52;182mx[38;2;60;72;230mx[38;2;52;66;186m8[38;2;64;91;231m8[38;2;68;92;234m8[38;2;66;96;246m8[38;2;64;96;242m8[38;2;64;96;237m#[38;2;65;108;247m#[38;2;64;106;239m@[38;2;60;110;246m@[38;2;62;105;239m@[38;2;57;101;234m@[38;2;60;102;252m8[38;2;55;85;228m8[38;2;60;78;222m8[38;2;66;82;240m8[38;2;65;71;227m8[38;2;63;75;229m8[38;2;61;69;232m8[38;2;58;65;223m8[38;2;53;54;192m8[38;2;40;47;156m8[38;2;60;83;237m8[38;2;59;92;242m#[38;2;60;107;247m@[38;2;56;97;236m@[38;2;42;91;223m#[38;2;45;101;226m@[38;2;47;122;239m@[38;2;48;144;248m@[38;2;42;171;250m#[38;2;66;186;247mx[38;2;66;106;135m:     [0m
[0;1m           [38;2;30;157;189m:[38;2;15;163;231m#[38;2;21;169;248m8[38;2;27;138;198m+[38;2;40;128;176m+[38;2;53;141;176m+[38;2;44;126;167m+[38;2;34;155;209m*[38;2;15;158;226mx[38;2;15;166;229m#[38;2;14;169;237m@[38;2;15;150;238m8[38;2;24;97;164m*[38;2;51;94;156m:[38;2;41;90;226mx[38;2;39;82;238m8[38;2;48;77;222m8[38;2;33;44;157m8[38;2;51;44;191mx[38;2;57;48;217m=[38;2;60;42;210mx[38;2;69;50;221mx[38;2;59;39;179m8[38;2;63;40;194m8[38;2;62;45;205m8[38;2;58;30;171m8[38;2;66;27;198mx[38;2;79;30;204mx[38;2;63;35;160m8[38;2;96;67;239m8[38;2;97;73;244m#[38;2;95;76;234m@[38;2;96;75;231m@[38;2;96;78;242m@[38;2;100;79;242m#[38;2;97;79;236m@[38;2;88;72;225m@[38;2;84;65;229m#[38;2;75;64;224m#[38;2;83;78;240m#[38;2;80;85;235m@[38;2;80;90;236m@[38;2;91;108;253m@[38;2;87;102;250m@[38;2;75;84;228m@[38;2;77;62;225m8[38;2;78;59;226m8[38;2;59;32;171m8[38;2;58;30;167m8[38;2;55;26;154m8[38;2;78;30;227m=[38;2;79;32;206mx[38;2;64;40;171m8[38;2;88;70;240m#[38;2;85;70;241m#[38;2;81;71;237m@[38;2;79;64;225m8[38;2;50;43;166m8[38;2;81;89;241m#[38;2;74;100;239m@[38;2;74;118;250m@[38;2;71;132;244m@[38;2;70;135;226m8[38;2;87;148;215mx[38;2;97;146;186m:    [0m
[0;1m            [38;2;66;177;203m.[38;2;48;160;190m=[38;2;41;194;219mx[38;2;39;213;237mx[38;2;29;191;202mx[38;2;29;198;215mx[38;2;26;191;208mx[38;2;25;158;173m=[38;2;23;145;190m+[38;2;16;110;159mx[38;2;26;89;145m:[38;2;22;46;91m.[38;2;54;64;187m*[38;2;51;56;188m8[38;2;55;52;202m8[38;2;71;46;213mx[38;2;77;42;226m:[38;2;80;25;193m=[38;2;84;28;213m=[38;2;94;27;223mx[38;2;102;26;219mx[38;2;88;21;179m8[38;2;99;23;193m8[38;2;99;19;200m8[38;2;104;19;190m8[38;2;120;22;207m8[38;2;162;40;243m8[38;2;157;49;237m@[38;2;165;58;250m@[38;2;155;46;237m@[38;2;155;43;246m#[38;2;143;39;230m#[38;2;135;40;240m#[38;2;141;40;244m8[38;2;141;35;251m8[38;2;123;27;230m8[38;2;100;20;194m8[38;2;109;25;229mx[38;2;86;28;179m8[38;2;104;47;225m#[38;2;110;61;237m@[38;2;117;78;253m@[38;2;119;80;255m@[38;2;113;74;246m@[38;2;113;57;242m#[38;2;114;49;242m8[38;2;81;21;178m8[38;2;93;19;205mx[38;2;96;19;192mx[38;2;98;19;206mx[38;2;87;17;175m8[38;2;103;31;202m8[38;2;114;43;231m@[38;2;108;37;228m8[38;2;92;33;205m8[38;2;95;24;196mx[38;2;96;47;212m8[38;2;106;67;241m@[38;2;107;82;253m@[38;2;109;92;255m@[38;2;102;106;255m@[38;2;98;120;250m@[38;2;88;115;226m8[38;2;116;140;213mx    [0m
[0;1m                [38;2;45;76;76m.[38;2;76;209;207m:[38;2;41;173;180m+[38;2;20;185;197m8[38;2;22;171;190m=[38;2;31;101;134m.[38;2;28;30;85m.[38;2;53;45;166m+[38;2;60;48;173m8[38;2;69;40;182m8[38;2;93;32;225mx[38;2;109;23;215m=[38;2;101;13;184m=[38;2;136;13;216m=[38;2;125;13;191m=[38;2;126;13;186mx[38;2;157;15;223m=[38;2;152;14;210mx[38;2;169;16;213mx[38;2;139;11;164m8[38;2;203;15;223m8[38;2;222;19;235m#[38;2;189;14;202m#[38;2;229;20;252mx[38;2;194;16;213mx[38;2;186;18;200m=[38;2;178;27;192m=[38;2;180;18;203m=[38;2;162;15;191mx[38;2;197;18;230m=[38;2;177;16;205mx[38;2;165;15;196mx[38;2;145;14;187mx[38;2;127;11;174mx[38;2;149;15;205m+[38;2;128;14;182m=[38;2;163;26;248mx[38;2;161;38;244m#[38;2;169;43;247m@[38;2;163;45;241m@[38;2;163;36;233m@[38;2;165;30;248m8[38;2;112;14;179m8[38;2;120;14;207mx[38;2;118;17;178m+[38;2;126;14;202m=[38;2;105;13;161m8[38;2;158;16;236mx[38;2;141;13;210m8[38;2;133;14;197m=[38;2;130;15;190m=[38;2;114;12;165m8[38;2;154;35;242m8[38;2;155;46;244m@[38;2;150;46;247m@[38;2;145;46;243m@[38;2;128;46;222m8[38;2;140;59;240m#[38;2;140;66;237m@[38;2;113;63;184m8[38;2;173;124;218m.   [0m
[0;1m                 [38;2;59;116;122m:[38;2;44;172;183mx[38;2;22;193;213m8[38;2;17;142;175m8[38;2;41;105;181m:[38;2;56;61;183m+[38;2;70;56;176m8[38;2;100;59;229m8[38;2;102;32;209m8[38;2;100;21;195m8[38;2;107;12;177m8[38;2;180;15;243mx[38;2;196;13;224m8[38;2;201;13;221m8[38;2;222;14;235m8[38;2;164;11;179m8[38;2;196;14;211mx[38;2;200;17;209m=[38;2;148;11;155m8[38;2;152;10;158m8[38;2;191;17;197m+[38;2;169;18;169m+[38;2;158;20;155m:[38;2;80;17;130m:[38;2;88;47;150m+[38;2;252;252;255m#[38;2;116;80;158m+[38;2;56;11;119m:[38;2;91;17;165m.[38;2;129;95;160m:[38;2;252;252;255m#[38;2;164;54;172m*[38;2;140;19;141m*[38;2;168;18;177m*[38;2;163;17;182m+[38;2;181;16;197m=[38;2;158;12;169m8[38;2;211;14;223m8[38;2;228;18;241m8[38;2;222;14;236m8[38;2;185;13;207m8[38;2;185;16;219mx[38;2;166;13;199mx[38;2;148;16;172m+[38;2;148;19;173m*[38;2;178;18;208m*[38;2;190;16;211mx[38;2;175;13;200mx[38;2;158;15;183m+[38;2;188;15;220m=[38;2;158;11;176m8[38;2;216;17;237m8[38;2;212;15;232m#[38;2;190;15;218m8[38;2;180;17;207mx[38;2;165;13;187mx[38;2;173;13;201m8[38;2;202;22;232m8[38;2;210;37;242m#[38;2;187;54;204m8[38;2;166;99;170m+  [0m
[0;1m               [38;2;62;100;105m.[38;2;78;185;200m*[38;2;43;196;235mx[38;2;27;175;221m8[38;2;26;177;234m8[38;2;55;107;223m=[38;2;92;76;248mx[38;2;96;56;216m8[38;2;110;51;236m8[38;2;129;46;247m8[38;2;134;21;222m8[38;2;158;14;224m8[38;2;192;14;227m8[38;2;230;16;243m8[38;2;235;14;237m#[38;2;241;16;243m8[38;2;216;15;221m8[38;2;191;14;203mx[38;2;183;15;192mx[38;2;186;15;188mx[38;2;177;11;181m8[38;2;229;14;227m8[38;2;193;14;192mx[38;2;178;17;171m=[38;2;129;16;123m:[38;2;69;14;178m.[38;2;60;11;130m*[38;2;16;4;48m.[38;2;4;2;9m. [38;2;76;15;165m.[38;2;84;47;134m+[38;2;112;75;157mx[38;2;168;23;186m8[38;2;162;15;190m+[38;2;83;19;90m:[38;2;105;17;109m:[38;2;180;19;190m*[38;2;200;19;209m+[38;2;189;15;191mx[38;2;218;15;228mx[38;2;184;11;191m8[38;2;170;12;176m8[38;2;168;11;178m8[38;2;149;11;161m8[38;2;188;18;197m=[38;2;141;15;153m*[38;2;190;14;203mx[38;2;222;17;231m=[38;2;181;17;187m+[38;2;181;16;187mx[38;2;180;14;188m8[38;2;175;12;181m8[38;2;168;13;176m8[38;2;219;16;231mx[38;2;176;15;189m=[38;2;168;18;182m*[38;2;120;20;141m*[38;2;209;197;219m*[38;2;252;252;255m#[38;2;115;14;124m*[38;2;233;25;232mx[38;2;184;62;185mx  [0m
[0;1m               [38;2;56;123;141m:[38;2;47;187;233mx[38;2;48;162;243m8[38;2;54;138;233m8[38;2;50;113;224mx[38;2;73;56;200mx[38;2;99;54;234m8[38;2;120;49;240m8[38;2;121;33;230m8[38;2;136;27;231m8[38;2;148;13;201m8[38;2;183;11;216m8[38;2;225;13;235m8[38;2;236;16;237m#[38;2;237;16;237m#[38;2;222;13;225m8[38;2;188;12;192m8[38;2;213;16;221mx[38;2;201;14;206mx[38;2;200;17;204m=[38;2;211;15;214mx[38;2;213;11;214m8[38;2;165;10;167m8[38;2;201;17;191m*[38;2;170;19;171m=[38;2;171;25;178m.   [38;2;36;7;60m.[38;2;110;17;171m:[38;2;94;13;142m*[38;2;161;14;196m*[38;2;187;14;200m8[38;2;158;15;187mx[38;2;76;12;115m:[38;2;117;18;147m:[38;2;137;25;153m*[38;2;143;18;143m*[38;2;167;18;163m*[38;2;180;16;188m+[38;2;159;11;160m8[38;2;218;15;216m8[38;2;204;16;205mx[38;2;151;10;155m8[38;2;220;15;218mx[38;2;187;23;193m*[38;2;217;24;219mx[38;2;163;17;160m=[38;2;189;15;191mx[38;2;213;17;212m8[38;2;226;18;226m#[38;2;185;13;186m8[38;2;226;22;233m*[38;2;183;17;185m*[38;2;106;16;108m: [38;2;98;18;219m:[38;2;110;61;177m8[38;2;121;64;187mx[38;2;185;17;193m=[38;2;210;42;197m*[38;2;132;66;126m:  [0m
[0;1m             [38;2;89;113;154m.[38;2;61;96;150m*[38;2;72;146;236mx[38;2;62;123;229m#[38;2;79;112;249m8[38;2;69;67;199m8[38;2;61;42;164m8[38;2;103;40;209m8[38;2;122;35;240m8[38;2;123;25;222m8[38;2;114;16;188m8[38;2;135;13;189m8[38;2;190;13;212m8[38;2;221;15;233m8[38;2;242;14;242m8[38;2;221;13;217m@[38;2;231;16;224m@[38;2;240;18;232m#[38;2;243;16;240m8[38;2;176;12;176m8[38;2;203;15;208mx[38;2;217;20;214m=[38;2;164;12;164m8[38;2;217;13;213m8[38;2;202;12;201m8[38;2;158;11;159m8[38;2;188;17;188m+[38;2;177;19;176m*[38;2;187;18;194m:[38;2;163;21;177m:[38;2;104;13;118m:[38;2;131;17;169m:[38;2;174;21;207m:[38;2;174;17;195m+[38;2;180;15;199mx[38;2;171;17;182m+[38;2;166;18;180m*[38;2;186;20;207m*[38;2;164;18;181m+[38;2;181;19;179m*[38;2;165;15;159mx[38;2;229;18;213mx[38;2;183;16;173m8[38;2;211;14;197m8[38;2;195;18;172m8[38;2;207;24;182m8[38;2;231;39;198m#[38;2;229;33;193m#[38;2;213;29;184mx[38;2;176;17;163mx[38;2;225;26;199mx[38;2;228;33;196m#[38;2;240;41;205m@[38;2;247;37;220m@[38;2;230;23;214m8[38;2;167;12;165m8[38;2;175;14;176m=[38;2;64;9;69m.[38;2;81;13;121m.[38;2;67;9;117m:[38;2;67;11;137m*[38;2;108;19;153m*[38;2;210;24;212mx[38;2;183;58;181m*   [0m
[0;1m            [38;2;111;86;165m.[38;2;115;94;209m=[38;2;80;73;190m8[38;2;105;94;253m8[38;2;104;67;236m#[38;2;104;42;226m8[38;2;103;23;189m8[38;2;121;25;214m8[38;2;127;16;214m8[38;2;113;12;184m8[38;2;130;13;194mx[38;2;174;16;223m+[38;2;174;14;206m=[38;2;211;15;223mx[38;2;189;12;196m8[38;2;222;14;222m8[38;2;232;14;232m8[38;2;228;11;227m8[38;2;197;11;197m8[38;2;182;11;184m8[38;2;234;15;233mx[38;2;224;15;223mx[38;2;217;18;215m=[38;2;221;16;218mx[38;2;235;16;222m8[38;2;205;14;198m8[38;2;219;16;212mx[38;2;224;18;220m=[38;2;219;16;222m=[38;2;201;19;200m+[38;2;170;15;174m+[38;2;183;16;181m+[38;2;177;15;180m=[38;2;195;18;195m+[38;2;189;19;189m=[38;2;189;16;186m=[38;2;195;16;192m+[38;2;193;18;190m+[38;2;206;16;198m=[38;2;201;14;193mx[38;2;171;13;153m8[38;2;197;15;168m8[38;2;194;21;160m8[38;2;199;33;152m8[38;2;228;55;160m#[38;2;237;65;160m@[38;2;245;74;166m@[38;2;249;87;164m@[38;2;253;95;166m@[38;2;249;101;167m@[38;2;240;97;166m#[38;2;222;78;152m8[38;2;235;78;161m#[38;2;252;109;175m@[38;2;255;112;178m@[38;2;239;84;176m#[38;2;188;23;165m8[38;2;156;11;149m8[38;2;181;19;182m+[38;2;150;18;166m*[38;2;119;14;141m*[38;2;144;13;168mx[38;2;166;17;170m8[38;2;201;48;196mx[38;2;115;59;113m.   [0m
[0;1m           [38;2;149;59;159m.[38;2;161;50;197m*[38;2;140;19;186m8[38;2;172;31;248m8[38;2;159;30;236m#[38;2;145;16;214m8[38;2;128;11;176m8[38;2;180;15;225m8[38;2;192;14;232m#[38;2;169;11;195m8[38;2;173;15;206m+[38;2;170;17;200m*[38;2;186;16;203m=[38;2;178;15;197mx[38;2;193;14;200mx[38;2;153;9;161m8[38;2;243;14;248mx[38;2;236;15;243mx[38;2;219;15;227mx[38;2;212;16;217mx[38;2;164;10;168m8[38;2;217;16;219mx[38;2;205;15;209mx[38;2;215;17;213m=[38;2;188;15;188mx[38;2;184;12;177m8[38;2;235;18;225m8[38;2;233;15;219m8[38;2;204;15;191m8[38;2;173;13;169m8[38;2;212;15;204mx[38;2;196;15;201mx[38;2;194;14;197mx[38;2;191;14;194mx[38;2;179;15;171mx[38;2;196;18;185mx[38;2;204;15;194mx[38;2;218;15;199mx[38;2;215;16;201mx[38;2;212;23;185mx[38;2;162;20;135m8[38;2;194;39;145m8[38;2;229;69;149m#[38;2;240;75;149m@[38;2;247;85;155m@[38;2;252;94;158m@[38;2;255;95;157m@[38;2;255;99;157m@[38;2;255;104;157m@[38;2;255;109;161m@[38;2;255;113;168m@[38;2;255;110;172m@[38;2;255;113;176m@[38;2;246;101;179m@[38;2;233;71;177m8[38;2;219;84;171m#[38;2;242;117;186m@[38;2;250;124;194m#[38;2;180;36;160m8[38;2;220;21;207mx[38;2;218;20;208mx[38;2;244;23;229mx[38;2;206;28;192mx[38;2;166;50;155m=[38;2;133;54;127m.    [0m
[0;1m           [38;2;175;50;180m:[38;2;184;26;202mx[38;2;187;15;195m8[38;2;217;16;230m#[38;2;223;15;237m#[38;2;207;13;220m8[38;2;185;13;200mx[38;2;200;13;205m8[38;2;227;16;232m#[38;2;201;12;205m8[38;2;186;15;191m=[38;2;155;17;156m*[38;2;192;18;198m*[38;2;200;17;212m=[38;2;213;17;221m=[38;2;219;16;235m=[38;2;180;16;189mx[38;2;197;16;206m=[38;2;215;16;219mx[38;2;185;14;188mx[38;2;213;17;228m=[38;2;196;17;200m=[38;2;218;17;223m=[38;2;214;18;208m=[38;2;220;17;215m=[38;2;153;11;146m8[38;2;166;10;154m8[38;2;236;15;220m8[38;2;232;19;211m#[38;2;234;16;215m8[38;2;173;12;157m8[38;2;206;15;203mx[38;2;193;16;179mx[38;2;149;12;138m8[38;2;191;14;173m8[38;2;206;21;182m8[38;2;225;16;199mx[38;2;183;22;151mx[38;2;150;31;109m8[38;2;225;67;149m8[38;2;237;83;149m@[38;2;249;88;148m@[38;2;255;104;154m@[38;2;255;112;158m@[38;2;255;110;160m@[38;2;255;101;161m@[38;2;255;100;169m@[38;2;255;94;175m@[38;2;255;89;178m@[38;2;247;60;188m@[38;2;237;47;203m@[38;2;246;50;222m@[38;2;237;51;215m@[38;2;245;49;230m@[38;2;253;47;249m8[38;2;237;30;238m8[38;2;179;22;181m8[38;2;231;101;207m#[38;2;252;126;219m#[38;2;196;54;167m8[38;2;208;37;186m8[38;2;193;53;177m=[38;2;141;80;138m:      [0m
[0;1m           [38;2;173;60;168m*[38;2;183;24;183mx[38;2;242;16;235m8[38;2;240;19;233m#[38;2;243;18;235m#[38;2;227;15;218m8[38;2;196;12;192mx[38;2;225;15;215mx[38;2;229;14;222m8[38;2;223;15;207m8[38;2;187;13;176m8[38;2;218;16;205m=[38;2;166;14;160m+[38;2;188;19;187m*[38;2;167;16;166m+[38;2;172;15;173m*[38;2;162;16;164m+[38;2;169;18;173m*[38;2;186;19;187m*[38;2;163;17;164m*[38;2;210;21;209m*[38;2;200;19;201m*[38;2;190;17;193m=[38;2;203;17;191mx[38;2;187;17;169m8[38;2;225;26;189m8[38;2;232;28;195m8[38;2;229;29;192m8[38;2;200;25;163m8[38;2;191;17;160m8[38;2;177;16;146m8[38;2;168;12;146m8[38;2;176;17;146m8[38;2;179;20;144m8[38;2;163;24;123m8[38;2;181;41;129m8[38;2;203;54;137m8[38;2;227;77;143m#[38;2;246;87;150m@[38;2;253;95;154m@[38;2;253;98;155m@[38;2;246;99;151m@[38;2;249;103;160m@[38;2;253;95;164m@[38;2;254;98;177m@[38;2;252;83;190m@[38;2;246;67;207m@[38;2;232;45;216m#[38;2;212;37;213m#[38;2;202;27;228m8[38;2;174;20;215m8[38;2;154;15;202m8[38;2;176;19;235mx[38;2;134;18;182m8[38;2;177;23;243mx[38;2;130;17;185m8[38;2;125;17;182m8[38;2;122;23;170m8[38;2;181;64;200m#[38;2;221;90;223m#[38;2;178;64;178m8[38;2;178;97;183m:       [0m
[0;1m           [38;2;169;91;159m:[38;2;212;65;192m*[38;2;205;27;171mx[38;2;243;41;199m#[38;2;246;44;199m@[38;2;243;33;198m#[38;2;181;13;154m8[38;2;204;19;178m=[38;2;170;14;152m8[38;2;227;20;189m8[38;2;227;23;188m#[38;2;234;27;195m8[38;2;196;18;163m8[38;2;226;16;210mx[38;2;191;15;179mx[38;2;190;14;185mx[38;2;178;16;164mx[38;2;186;16;172m+[38;2;210;21;193m*[38;2;232;26;222m:[38;2;174;19;167m*[38;2;137;17;129m*[38;2;210;19;195m*[38;2;212;19;190m=[38;2;231;22;201mx[38;2;244;45;188m8[38;2;241;59;174m@[38;2;253;64;180m@[38;2;246;67;172m@[38;2;238;63;164m@[38;2;237;56;158m#[38;2;238;51;159m8[38;2;238;63;158m8[38;2;240;79;152m#[38;2;244;95;149m@[38;2;255;116;160m@[38;2;254;111;157m@[38;2;254;105;155m@[38;2;236;81;151m#[38;2;225;77;150m#[38;2;245;93;176m@[38;2;246;90;182m@[38;2;242;85;199m@[38;2;245;71;213m#[38;2;229;64;213m@[38;2;226;50;233m#[38;2;208;45;235m@[38;2;183;29;245m8[38;2;126;15;209m8[38;2;104;14;198mx[38;2;70;11;161m*[38;2;50;13;136m*[38;2;53;25;188m*[38;2;50;33;180mx[38;2;43;37;153m8[38;2;48;49;177m8[38;2;60;60;193m8[38;2;62;64;201m8[38;2;63;57;195m8[38;2;61;41;178m8[38;2;124;51;207m8[38;2;118;51;164m8[38;2;145;107;177m.      [0m
[0;1m           [38;2;212;150;188m.[38;2;182;76;143m+[38;2;186;46;133m8[38;2;242;67;172m@[38;2;250;69;176m@[38;2;239;59;170m@[38;2;209;28;157m8[38;2;217;25;170mx[38;2;165;18;128m8[38;2;222;37;161m8[38;2;245;50;175m#[38;2;246;49;176m#[38;2;238;45;172m#[38;2;215;24;162m8[38;2;229;22;184mx[38;2;167;12;142m8[38;2;196;17;157m8[38;2;224;25;173m8[38;2;226;27;172m8[38;2;208;24;159m8[38;2;204;21;161m8[38;2;182;20;143m8[38;2;238;23;189mx[38;2;191;21;151mx[38;2;211;20;170m=[38;2;227;35;168mx[38;2;233;61;158m#[38;2;252;74;169m@[38;2;246;71;161m@[38;2;237;61;154m@[38;2;226;50;148m8[38;2;193;32;131m8[38;2;229;39;157mx[38;2;186;49;127m8[38;2;233;86;155m#[38;2;255;112;171m@[38;2;254;109;173m@[38;2;240;94;168m@[38;2;250;76;193m8[38;2;228;72;191m@[38;2;240;72;214m@[38;2;221;62;210m#[38;2;229;65;241m#[38;2;212;58;235m8[38;2;196;57;242m#[38;2;172;49;244m@[38;2;139;37;239m#[38;2;92;19;197m8[38;2;63;11;167m8[38;2;63;16;197m*[38;2;32;14;146m:[38;2;35;15;181m*[38;2;32;26;183m+[38;2;38;36;196m+[38;2;34;39;171m:[38;2;41;47;225m:[38;2;40;42;177m=[38;2;41;43;214m=[38;2;46;42;189mx[38;2;43;44;210m=[38;2;42;36;190m=[38;2;99;40;174m8[38;2;123;65;176m*      [0m
[0;1m          [38;2;198;149;167m:[38;2;242;130;170m*[38;2;209;84;129m8[38;2;251;92;151m@[38;2;253;95;154m@[38;2;249;91;154m@[38;2;245;81;150m@[38;2;242;64;150m8[38;2;188;48;118m8[38;2;229;54;147mx[38;2;174;43;109m8[38;2;239;72;149m#[38;2;238;71;146m@[38;2;240;71;146m@[38;2;247;67;152m#[38;2;232;57;143m8[38;2;192;40;122m8[38;2;172;32;114m8[38;2;174;28;120m8[38;2;221;42;153m8[38;2;233;47;156m8[38;2;230;45;153m#[38;2;237;51;155m8[38;2;246;55;162m8[38;2;237;54;153m8[38;2;237;54;156m8[38;2;218;50;142m8[38;2;194;37;123m8[38;2;203;42;128m8[38;2;222;59;140m8[38;2;235;57;152m8[38;2;167;32;112m8[38;2;208;28;158m=[38;2;209;27;160m+[38;2;207;27;163m+[38;2;182;30;143m=[38;2;211;59;167mx[38;2;197;59;166m8[38;2;227;68;199m#[38;2;250;69;245m8[38;2;217;53;225m8[38;2;188;46;219m8[38;2;186;48;235m8[38;2;170;46;244m8[38;2;143;39;221m#[38;2;143;49;242m#[38;2;128;51;241m@[38;2;121;51;244m@[38;2;111;44;241m#[38;2;87;34;210m#[38;2;86;30;238mx[38;2;48;16;171m=[38;2;40;14;147m:[38;2;43;15;158m.[38;2;18;4;50m.[38;2;20;3;48m.[38;2;30;6;92m.[38;2;47;19;175m:[38;2;33;15;140m*[38;2;52;17;172m*[38;2;77;17;133m:[38;2;147;28;189mx[38;2;124;30;167m8[38;2;137;95;155m+[38;2;143;114;159m:     [0m
[0;1m         [38;2;161;108;118m*[38;2;233;128;151m=[38;2;230;100;129mx[38;2;237;113;135m@[38;2;255;116;140m@[38;2;251;109;134m@[38;2;241;101;131m@[38;2;246;101;135m@[38;2;243;93;139m#[38;2;225;80;127m8[38;2;178;54;101m8[38;2;187;55;104mx[38;2;219;79;125m8[38;2;251;98;142m#[38;2;246;96;135m@[38;2;251;95;137m@[38;2;236;87;131m@[38;2;231;77;128m#[38;2;214;62;123m8[38;2;226;53;139mx[38;2;206;42;130mx[38;2;185;48;120m8[38;2;238;60;151m8[38;2;246;64;152m8[38;2;254;70;156m8[38;2;244;71;147m8[38;2;237;71;145m#[38;2;250;74;152m#[38;2;243;69;148m#[38;2;223;56;134m8[38;2;169;44;103m8[38;2;162;36;104m8[38;2;202;50;129m8[38;2;221;52;148m8[38;2;218;51;150m8[38;2;197;38;138m8[38;2;185;31;138mx[38;2;187;33;151m+[38;2;158;21;132m*[38;2;173;20;170m*[38;2;196;22;208m=[38;2;153;23;176m8[38;2;170;37;220m8[38;2;162;46;236m8[38;2;151;53;243m#[38;2;144;53;246m#[38;2;138;55;249m8[38;2;116;50;236m8[38;2;116;50;252m8[38;2;104;41;234m#[38;2;100;43;231m#[38;2;90;35;217m8[38;2;71;18;209mx[38;2;62;15;170m+[38;2;48;13;140m*[38;2;54;11;140m*[38;2;82;14;194m:[38;2;54;9;160m+[38;2;89;21;216m:[38;2;73;15;151m:[38;2;105;15;153m*[38;2;174;23;203mx[38;2;202;36;234m8[38;2;166;50;189m=       [0m
[0;1m        [38;2;247;170;153m.[38;2;206;120;115mx[38;2;228;112;106mx[38;2;244;129;113m8[38;2;246;134;117m@[38;2;249;130;116m@[38;2;232;118;107m@[38;2;244;119;115m8[38;2;242;117;112m#[38;2;234;111;111m@[38;2;235;108;110m#[38;2;235;100;110m8[38;2;218;86;104mx[38;2;224;93;113mx[38;2;210;89;104m8[38;2;234;107;110m#[38;2;250;123;119m@[38;2;241;117;114m@[38;2;231;107;110m@[38;2;230;95;112m#[38;2;213;72;107m8[38;2;188;56;101m8[38;2;224;68;126mx[38;2;167;43;97m8[38;2;247;72;144mx[38;2;209;58;124m8[38;2;209;62;122m8[38;2;217;62;126m8[38;2;235;69;134m8[38;2;230;74;134m#[38;2;244;73;142m#[38;2;251;77;144m8[38;2;222;63;132m8[38;2;234;54;141mx[38;2;203;34;136mx[38;2;233;43;164mx[38;2;208;44;150m8[38;2;235;55;173m8[38;2;247;62;188m8[38;2;217;46;174m8[38;2;237;43;196mx[38;2;187;23;174m=[38;2;168;19;165m=[38;2;181;22;190m+[38;2;149;23;183m=[38;2;158;38;229mx[38;2;132;38;200m8[38;2;123;39;206m8[38;2;125;43;229m8[38;2;117;39;232m8[38;2;101;24;207m8[38;2;93;21;196m8[38;2;83;16;171m8[38;2;102;17;210mx[38;2;109;16;202mx[38;2;108;15;194m=[38;2;99;12;174m=[38;2;120;17;181m*[38;2;129;16;171m*[38;2;159;18;190m=[38;2;181;21;208mx[38;2;188;27;207m8[38;2;201;34;220m8[38;2;197;61;212m=[38;2;144;65;152m:       [0m
[0;1m       [38;2;246;186;148m.[38;2;234;162;120m=[38;2;194;121;75m8[38;2;241;153;89m#[38;2;254;163;90m@[38;2;246;159;85m@[38;2;248;154;88m#[38;2;228;133;78m8[38;2;216;121;76m8[38;2;255;150;92m8[38;2;244;143;87m#[38;2;236;138;86m#[38;2;242;139;90m#[38;2;204;108;75m8[38;2;196;99;75mx[38;2;210;103;85m=[38;2;178;97;68m8[38;2;236;134;89m@[38;2;239;139;90m@[38;2;238;137;88m@[38;2;239;129;88m@[38;2;233;120;89m@[38;2;240;112;95m8[38;2;203;87;84m8[38;2;201;76;86m8[38;2;226;87;107mx[38;2;214;69;112mx[38;2;203;66;109mx[38;2;209;62;116mx[38;2;219;62;121mx[38;2;242;69;135mx[38;2;197;55;108m8[38;2;226;72;124m8[38;2;240;75;138m#[38;2;246;76;141m8[38;2;228;62;134m8[38;2;195;49;119m8[38;2;237;42;157mx[38;2;224;30;163m=[38;2;205;32;155mx[38;2;241;33;189mx[38;2;206;41;166m8[38;2;248;50;215m8[38;2;235;49;211m#[38;2;227;42;212m#[38;2;191;28;186m8[38;2;190;24;193mx[38;2;180;15;185m+[38;2;167;16;190m*[38;2;114;13;155m+[38;2;106;13;169mx[38;2;105;14;162mx[38;2;116;13;168mx[38;2;138;14;178m=[38;2;161;15;202m+[38;2;144;15;182m=[38;2;162;18;192m+[38;2;186;16;222m=[38;2;200;20;216mx[38;2;211;26;225m8[38;2;240;37;246m8[38;2;193;35;197m8[38;2;175;43;181mx[38;2;157;86;161m:         [0m
[0;1m       [38;2;201;155;101m+[38;2;181;128;61m8[38;2;228;165;77m#[38;2;245;178;80m#[38;2;245;179;81m#[38;2;216;157;73m8[38;2;194;139;66m8[38;2;214;154;72m8[38;2;239;172;84m8[38;2;218;158;73m8[38;2;227;162;72m8[38;2;244;171;81m8[38;2;248;175;80m#[38;2;234;154;71m#[38;2;240;158;75m8[38;2;185;113;61m8[38;2;217;137;70mx[38;2;181;116;62m8[38;2;244;164;80m8[38;2;234;158;76m@[38;2;237;156;78m@[38;2;244;161;80m@[38;2;244;152;81m@[38;2;238;144;81m@[38;2;238;134;82m@[38;2;252;130;87m8[38;2;247;115;94m8[38;2;227;101;88m8[38;2;212;87;90m8[38;2;189;71;87m8[38;2;168;54;84m8[38;2;157;46;83m8[38;2;206;61;111mx[38;2;212;51;123mx[38;2;233;63;140mx[38;2;185;48;117m8[38;2;206;52;127m8[38;2;245;62;153m8[38;2;233;54;151m8[38;2;245;58;163m8[38;2;229;42;154m8[38;2;212;42;146m8[38;2;183;27;135m8[38;2;182;27;141m8[38;2;219;34;185m8[38;2;217;37;193m#[38;2;239;45;219m#[38;2;235;50;220m@[38;2;235;44;225m@[38;2;239;43;235m#[38;2;238;35;238m8[38;2;224;24;222m8[38;2;219;24;214m8[38;2;217;27;212m8[38;2;214;31;204m8[38;2;226;37;215m#[38;2;241;49;220m#[38;2;254;57;229m@[38;2;233;48;208m#[38;2;252;43;227mx[38;2;199;76;181m*[38;2;146;89;142m:           [0m
[0;1m     [38;2;248;195;133m:[38;2;218;163;106m+[38;2;215;155;74mx[38;2;244;179;85m8[38;2;243;184;86m8[38;2;216;159;66m8[38;2;196;146;66m8[38;2;210;157;78mx[38;2;207;159;76m8[38;2;204;153;72m8[38;2;179;133;63m8[38;2;166;129;62m8[38;2;222;168;79m8[38;2;233;177;82m8[38;2;235;183;86m#[38;2;246;185;90m8[38;2;253;192;89m8[38;2;239;169;78m8[38;2;201;139;62m8[38;2;232;157;76mx[38;2;164;114;52m8[38;2;222;151;65m8[38;2;232;160;70m#[38;2;230;167;76m@[38;2;247;172;81m#[38;2;244;170;79m#[38;2;244;157;76m@[38;2;252;153;78m#[38;2;233;126;74m@[38;2;243;124;79m#[38;2;245;125;92m#[38;2;247;113;97m#[38;2;234;100;99m#[38;2;238;99;110m8[38;2;204;80;94m8[38;2;186;61;95m8[38;2;215;64;118mx[38;2;192;43;114mx[38;2;223;50;137m=[38;2;228;46;147m=[38;2;218;43;141mx[38;2;186;46;119m8[38;2;220;48;141m8[38;2;236;58;151m#[38;2;237;52;158m#[38;2;237;52;163m#[38;2;233;49;170m#[38;2;237;49;180m#[38;2;244;57;196m#[38;2;244;62;203m#[38;2;241;54;202m#[38;2;246;50;212m8[38;2;233;37;208m8[38;2;212;24;182m8[38;2;222;29;178m8[38;2;243;44;198m8[38;2;239;67;188m@[38;2;255;79;197m@[38;2;255;84;185m@[38;2;255;93;184m@[38;2;238;85;167m@[38;2;197;62;127m8[38;2;177;86;130mx            [0m
[0;1m    [38;2;188;157;131m+[38;2;234;177;114m=[38;2;236;163;71mx[38;2;214;158;70m8[38;2;216;162;75m8[38;2;178;137;63m8[38;2;217;166;81mx[38;2;241;190;91m=[38;2;215;168;86mx[38;2;244;189;91mx[38;2;252;199;94m=[38;2;223;172;87m=[38;2;236;192;94mx[38;2;208;166;83m8[38;2;222;177;90m8[38;2;245;199;101m8[38;2;237;186;94m8[38;2;241;193;95m#[38;2;237;186;93m#[38;2;253;197;97m8[38;2;232;176;87m8[38;2;234;171;76mx[38;2;222;158;72mx[38;2;192;139;60m8[38;2;244;185;83m8[38;2;245;183;84m#[38;2;245;182;82m#[38;2;242;172;77m@[38;2;242;161;72m#[38;2;249;152;75m8[38;2;233;134;70m8[38;2;235;131;75m#[38;2;253;131;87m#[38;2;241;127;94m@[38;2;238;117;95m@[38;2;230;107;91m@[38;2;238;107;107m#[38;2;229;94;104m8[38;2;222;81;109m8[38;2;208;73;107m8[38;2;202;61;109m8[38;2;165;42;97m8[38;2;160;39;100m8[38;2;223;40;152mx[38;2;215;36;152mx[38;2;210;30;165mx[38;2;217;32;169mx[38;2;233;32;191mx[38;2;225;30;187mx[38;2;164;22;132m8[38;2;170;25;133m8[38;2;166;27;133m8[38;2;175;33;129m8[38;2;225;56;160m8[38;2;251;71;174m8[38;2;249;81;164m#[38;2;249;85;160m@[38;2;250;97;157m@[38;2;255;107;154m@[38;2;255;116;147m@[38;2;255;123;144m@[38;2;249;121;136m@[38;2;246;116;133m#[38;2;222;105;121mx[38;2;209;138;144m:           [0m
[0;1m   [38;2;185;153;133m*[38;2;209;153;93m+[38;2;213;156;74m=[38;2;227;165;75mx[38;2;207;156;69mx[38;2;225;174;82m=[38;2;251;202;93m+[38;2;233;182;90m+[38;2;221;178;82m=[38;2;227;182;87m+[38;2;249;199;98m+[38;2;237;194;99m+[38;2;215;170;95m=[38;2;242;202;106m=[38;2;243;198;113m=[38;2;216;182;102mx[38;2;177;147;77m8[38;2;244;197;109mx[38;2;207;172;91m8[38;2;223;178;96m8[38;2;234;188;98m8[38;2;253;203;110m8[38;2;234;183;93m8[38;2;218;168;85m8[38;2;181;137;68m8[38;2;231;172;82mx[38;2;192;146;70m8[38;2;213;165;78m8[38;2;253;193;97m8[38;2;237;176;83m#[38;2;244;174;87m#[38;2;253;165;83m8[38;2;246;154;80m8[38;2;241;140;85m8[38;2;238;137;88m#[38;2;239;127;88m@[38;2;239;127;92m@[38;2;243;123;100m@[38;2;246;121;103m#[38;2;243;113;108m#[38;2;240;105;105m#[38;2;230;102;109m@[38;2;250;105;126m8[38;2;249;104;130m8[38;2;229;82;123m8[38;2;228;78;123m8[38;2;215;67;126m8[38;2;205;63;123m8[38;2;201;54;124m8[38;2;200;57;122m8[38;2;220;68;129m8[38;2;226;77;133m8[38;2;223;85;130m8[38;2;233;96;129m#[38;2;243;107;134m@[38;2;249;111;135m@[38;2;248;117;127m@[38;2;247;120;120m@[38;2;241;127;112m@[38;2;250;135;109m@[38;2;245;135;98m@[38;2;252;147;101m@[38;2;250;150;97m@[38;2;255;155;98m@[38;2;247;152;98m#[38;2;213;128;90mx[38;2;192;138;118m:          [0m
[0;1m [38;2;158;134;121m+[38;2;167;138;123mx[38;2;209;148;115m*[38;2;226;139;64m:[38;2;200;141;60m:[38;2;182;137;49m*[38;2;179;137;51m*[38;2;178;134;51m*[38;2;255;198;75m:[38;2;229;173;61m:[38;2;166;129;47m*[38;2;213;160;60m:[38;2;202;157;63m*[38;2;193;153;63m*[38;2;197;152;64m*[38;2;177;141;61m*[38;2;227;180;90m*[38;2;254;212;110m*[38;2;219;183;95m+[38;2;226;185;101m+[38;2;227;187;102m+[38;2;217;171;99m=[38;2;217;178;99mx[38;2;198;157;90m8[38;2;219;173;98m8[38;2;223;174;96m8[38;2;218;169;96m8[38;2;185;142;74m8[38;2;207;159;82mx[38;2;251;197;103m+[38;2;213;162;91mx[38;2;241;184;98mx[38;2;224;162;90m8[38;2;234;164;93m8[38;2;227;150;88m8[38;2;200;123;80m8[38;2;221;131;91m8[38;2;238;132;100m#[38;2;253;143;110m8[38;2;254;140;117m8[38;2;245;130;112m8[38;2;237;117;108m#[38;2;254;123;116m8[38;2;237;114;108m#[38;2;248;117;117m8[38;2;240;116;116m#[38;2;246;113;121m8[38;2;235;107;115m#[38;2;249;106;123m8[38;2;253;111;127m8[38;2;235;106;120m#[38;2;244;110;124m8[38;2;250;120;126m8[38;2;251;124;126m8[38;2;252;127;126m8[38;2;243;126;119m#[38;2;250;134;120m#[38;2;232;125;109m@[38;2;247;139;110m#[38;2;242;140;103m#[38;2;235;138;91m#[38;2;236;141;89m#[38;2;228;140;82m8[38;2;237;150;83m8[38;2;245;161;81m8[38;2;243;167;80m@[38;2;236;162;78m@[38;2;216;150;70m8[38;2;244;181;85m*[38;2;253;209;115m*[38;2;200;171;106m*        [0m
[0;1m   [38;2;180;151;113m*[38;2;246;196;129m:[38;2;138;115;96m:[38;2;196;176;129m*[38;2;164;146;114m*[38;2;226;192;118m*[38;2;207;178;114m*[38;2;212;182;114m*[38;2;254;226;163m:[38;2;249;203;95m:[38;2;193;151;64m:[38;2;226;174;62m:[38;2;247;197;74m:[38;2;202;175;84m*[38;2;180;144;61m*[38;2;164;133;48m*[38;2;192;158;61m*[38;2;200;165;82m*[38;2;213;178;87m*[38;2;227;181;92m*[38;2;206;172;98m=[38;2;227;182;109m=[38;2;218;177;104m=[38;2;230;187;110m=[38;2;234;187;106m=[38;2;220;179;111mx[38;2;182;144;86m8[38;2;232;186;108m=[38;2;220;172;101m=[38;2;230;182;101m+[38;2;244;186;118m=[38;2;214;165;105mx[38;2;228;174;118mx[38;2;213;155;114mx[38;2;234;159;128m=[38;2;179;112;94m8[38;2;180;113;94m8[38;2;209;116;108m8[38;2;207;114;104m8[38;2;203;108;106m8[38;2;178;91;93m8[38;2;179;100;97m8[38;2;218;108;110m8[38;2;233;120;116m#[38;2;245;129;127m#[38;2;239;119;117m#[38;2;220;110;113m8[38;2;204;104;102m8[38;2;213;108;104m8[38;2;227;121;116m8[38;2;249;138;128m#[38;2;255;141;129m#[38;2;247;140;125m8[38;2;233;130;112m8[38;2;205;122;102m8[38;2;228;143;117mx[38;2;187;120;92m8[38;2;165;108;79m8[38;2;244;170;120m=[38;2;217;153;102mx[38;2;239;176;105m=[38;2;210;154;93mx[38;2;243;187;95m=[38;2;248;189;100m=[38;2;244;190;90mx[38;2;193;154;68m8[38;2;243;194;80mx[38;2;173;144;52m*[38;2;196;171;81m*[38;2;171;157;98m:       [0m
[0;1m     [38;2;130;115;90m:      [38;2;121;115;103m.[38;2;171;156;109m. [38;2;182;171;125m. [38;2;173;161;115m.[38;2;190;173;117m:[38;2;244;218;141m:[38;2;140;122;60m:[38;2;217;191;104m:[38;2;184;165;107m*[38;2;199;174;108m*[38;2;172;144;81m*[38;2;200;175;105m*[38;2;210;184;118m*[38;2;228;198;127m*[38;2;230;191;107m*[38;2;211;176;106m*[38;2;242;208;143m*[38;2;234;193;126m*[38;2;208;167;81m*[38;2;192;146;68m*[38;2;223;169;95m*[38;2;199;145;97m+[38;2;223;160;118m+[38;2;204;135;105m+[38;2;242;148;127m*[38;2;198;116;105m+[38;2;198;110;110m=[38;2;232;127;128m=[38;2;206;103;115mx[38;2;214;110;118mx[38;2;208;112;118mx[38;2;226;119;125mx[38;2;184;104;104m8[38;2;207;114;116m8[38;2;236;132;130m8[38;2;220;119;120m8[38;2;191;106;103m8[38;2;245;140;130mx[38;2;246;136;130mx[38;2;216;124;114m8[38;2;225;133;121m8[38;2;213;125;114m8[38;2;248;152;133mx[38;2;216;134;110m=[38;2;246;162;124m*[38;2;207;141;103m+[38;2;223;154;106m+[38;2;206;150;97m+[38;2;211;158;97m+[38;2;231;182;100m*[38;2;241;188;96m*[38;2;212;172;85m*[38;2;234;184;83m*[38;2;198;160;68m+[38;2;198;162;71m+[38;2;211;175;70mx[38;2;213;178;62m*[38;2;167;135;46m*[38;2;214;187;87m*[38;2;153;142;92m:      [0m
[0;1m                               [38;2;172;165;135m:[38;2;113;105;82m.[38;2;157;141;86m:[38;2;168;152;101m:[38;2;166;147;101m:[38;2;143;120;98m:[38;2;131;102;95m:[38;2;146;112;105m:[38;2;130;97;99m:[38;2;178;123;129m:[38;2;190;128;134m:[38;2;181;122;134m:[38;2;199;138;145m:[38;2;220;152;158m:[38;2;196;141;144m:[38;2;203;145;143m:[38;2;232;167;165m:[38;2;183;132;124m*[38;2;179;128;119m*[38;2;184;132;121m*[38;2;226;166;153m:[38;2;169;130;122m:[38;2;201;153;141m:[38;2;238;181;164m:[38;2;226;168;152m:[38;2;200;155;143m:[38;2;159;128;117m.[38;2;139;115;96m:[38;2;179;148;119m:[38;2;151;135;110m:[38;2;158;139;97m:[38;2;186;159;100m:[38;2;168;150;95m:[38;2;243;222;174m.[38;2;158;147;98m:[38;2;176;158;91m:[38;2;141;130;85m:[38;2;148;132;82m:[38;2;178;159;80m:[38;2;146;132;86m:[38;2;153;143;105m: [38;2;231;218;148m.      [0m
