[0;1m                                                                                                                        [0m
[0;1m                              [38;2;75;222;172m:[38;2;70;191;150m+[38;2;61;190;136m+[38;2;66;191;142m+[38;2;59;208;144m+[38;2;58;217;142m+[38;2;68;208;137m+[38;2;77;201;141m+[38;2;61;190;138m+[38;2;64;207;145m+[38;2;54;186;126m+[38;2;61;196;141m+[38;2;61;206;149m+[38;2;56;205;143m+[38;2;64;159;120m:                 [38;2;81;222;150m*[38;2;25;210;111m*[38;2;18;223;122m*[38;2;21;230;126m*[38;2;21;231;123m#[38;2;15;226;117m#[38;2;23;229;131m#[38;2;20;239;124m#[38;2;22;235;121m#[38;2;23;238;126m*[38;2;34;223;130m*[38;2;39;214;127m*[38;2;55;215;130m*[38;2;80;208;155m+[38;2;76;209;162m:[38;2;73;209;159m.[38;2;54;206;134m+[38;2;49;205;128m:[38;2;74;249;167m:                                       [0m
[0;1m                       [38;2;21;210;153m:[38;2;24;225;155m=[38;2;22;234;157m=[38;2;21;229;159mx[38;2;16;195;133m8[38;2;10;191;126m8[38;2;15;236;152m@[38;2;17;236;157m@[38;2;17;236;151m@[38;2;16;249;153m@[38;2;16;249;160m@[38;2;11;231;145m@[38;2;10;240;147m@[38;2;12;246;155m@[38;2;13;249;160m@[38;2;12;244;151m@[38;2;13;249;157m@[38;2;15;250;162m@[38;2;18;235;152m@[38;2;13;191;124m8[38;2;12;192;128m8[38;2;22;194;136m8[38;2;22;183;124m8[38;2;34;225;141m*[38;2;54;178;133m:[38;2;82;178;149m:    [38;2;50;162;123m:[38;2;33;212;150m=[38;2;22;213;144m=[38;2;13;230;160m=[38;2;17;192;133m8[38;2;14;186;125m8[38;2;12;189;129m8[38;2;14;187;134m8[38;2;18;189;136m8[38;2;15;191;128m8[38;2;13;233;156m@[38;2;12;236;164m@[38;2;10;245;163m@[38;2;7;246;160m@[38;2;7;250;170m@[38;2;12;246;168m@[38;2;11;246;156m@[38;2;12;251;160m@[38;2;13;249;166m@[38;2;14;245;158m@[38;2;13;244;152m@[38;2;14;247;160m@[38;2;14;247;158m@[38;2;13;249;152m@[38;2;13;245;151m@[38;2;15;236;151m@[38;2;20;228;148m@[38;2;18;192;119m8[38;2;20;200;128m8[38;2;21;199;130m8[38;2;23;186;121m8[38;2;20;179;105m8[38;2;23;173;100m:[38;2;78;181;135m:                                 [0m
[0;1m                    [38;2;80;240;202m*[38;2;24;239;182m#[38;2;11;250;191m#[38;2;12;233;186m#[38;2;8;241;188m#[38;2;7;251;193m@[38;2;13;240;199m@[38;2;16;246;201m#[38;2;16;246;191m#[38;2;15;240;197m#[38;2;8;242;204m#[38;2;6;245;201m#[38;2;9;242;193m@[38;2;12;250;207m#[38;2;9;245;191m@[38;2;5;246;183m@[38;2;5;252;190m@[38;2;13;244;194m@[38;2;9;241;186m@[38;2;8;243;190m@[38;2;10;238;195m@[38;2;10;246;193m@[38;2;9;251;190m@[38;2;7;252;190m@[38;2;11;249;186m@[38;2;14;247;169m@[38;2;11;244;168m@[38;2;22;248;180m#[38;2;28;243;176m#[38;2;29;232;165m*[38;2;29;247;179mx[38;2;25;244;174m#[38;2;20;248;177m@[38;2;11;239;182m@[38;2;12;246;194m@[38;2;13;247;191m@[38;2;9;246;191m@[38;2;8;246;197m@[38;2;7;249;190m@[38;2;8;252;192m@[38;2;8;254;203m@[38;2;8;248;204m@[38;2;6;242;191m@[38;2;6;246;197m@[38;2;8;246;205m@[38;2;7;247;197m@[38;2;6;246;192m@[38;2;5;242;200m@[38;2;8;244;202m@[38;2;7;251;190m@[38;2;7;247;198m@[38;2;11;244;205m@[38;2;8;242;192m@[38;2;5;245;185m@[38;2;8;244;197m@[38;2;7;239;188m@[38;2;7;243;183m@[38;2;8;249;186m@[38;2;13;246;193m@[38;2;8;246;182m@[38;2;9;252;166m@[38;2;13;253;175m@[38;2;12;252;178m@[38;2;9;249;171m@[38;2;8;244;157m@[38;2;16;250;158m@[38;2;18;252;158m@[38;2;20;240;155m#[38;2;20;244;160m#[38;2;23;245;163m*[38;2;38;215;150m*[38;2;41;213;149m*[38;2;54;241;167m*[38;2;46;216;154m*[38;2;59;219;176m+[38;2;76;200;169m+[38;2;93;162;136m:                       [0m
[0;1m                 [38;2;12;12;12m.[38;2;56;234;205m*[38;2;15;242;196m#[38;2;15;241;202m#[38;2;25;232;183m#[38;2;30;238;184m*[38;2;29;239;193m*[38;2;32;227;178m*[38;2;32;224;166m*[38;2;27;236;181m*[38;2;30;237;200m*[38;2;31;236;201m*[38;2;25;229;192m*[38;2;11;231;207m*[38;2;22;234;210m#[38;2;30;237;215m#[38;2;20;237;222m#[38;2;18;248;231m#[38;2;17;250;230m#[38;2;16;243;221m#[38;2;16;243;236m#[38;2;10;246;228m#[38;2;10;252;232m#[38;2;12;243;237m#[38;2;8;237;217m#[38;2;9;238;209m#[38;2;13;244;218m#[38;2;11;244;224m#[38;2;8;244;203m@[38;2;7;250;201m@[38;2;10;248;208m@[38;2;7;250;196m@[38;2;5;252;196m@[38;2;6;249;211m@[38;2;8;243;210m@[38;2;8;245;214m@[38;2;8;255;231m@[38;2;8;247;233m@[38;2;5;243;222m@[38;2;6;247;231m@[38;2;7;245;240m@[38;2;5;242;230m@[38;2;5;242;226m@[38;2;6;244;229m@[38;2;5;240;233m@[38;2;7;244;231m@[38;2;5;248;237m@[38;2;9;242;235m#[38;2;10;245;232m@[38;2;8;249;228m@[38;2;2;246;227m@[38;2;7;241;233m@[38;2;5;246;218m@[38;2;8;252;230m@[38;2;5;246;229m#[38;2;4;244;219m@[38;2;4;244;213m@[38;2;6;244;224m@[38;2;6;244;220m@[38;2;5;245;210m@[38;2;5;243;208m@[38;2;8;243;227m@[38;2;8;248;217m@[38;2;8;250;203m@[38;2;9;250;209m@[38;2;8;250;209m@[38;2;7;250;206m@[38;2;5;250;200m@[38;2;10;251;199m@[38;2;9;253;197m@[38;2;6;253;193m@[38;2;8;253;192m@[38;2;11;254;190m@[38;2;16;255;191m@[38;2;12;255;188m@[38;2;14;254;183m@[38;2;17;252;177m@[38;2;22;247;179m#[38;2;38;227;171m#[38;2;61;198;154m#                       [0m
[0;1m               [38;2;64;218;211m*[38;2;39;238;233m*[38;2;19;240;229m#[38;2;12;239;223m#[38;2;15;236;219m#[38;2;34;226;208m*[38;2;58;226;198m+[38;2;61;221;202m+[38;2;62;222;203m.  [38;2;16;117;88m. [38;2;35;237;210m.[38;2;44;240;219m+[38;2;42;227;207m+[38;2;44;226;211m*[38;2;45;232;225m*[38;2;42;231;226m#[38;2;37;238;231m#[38;2;36;245;240m#[38;2;36;245;246m#[38;2;20;234;242m#[38;2;24;243;240m#[38;2;19;249;247m#[38;2;16;230;233m#[38;2;22;233;228m*[38;2;23;234;222m*[38;2;19;230;217m*[38;2;10;179;175m8[38;2;13;254;241m#[38;2;8;251;242m@[38;2;10;240;234m@[38;2;11;241;228m@[38;2;9;244;230m@[38;2;5;249;243m@[38;2;6;251;245m@[38;2;6;250;244m@[38;2;5;246;247m@[38;2;9;250;255m@[38;2;7;243;248m@[38;2;8;237;244m@[38;2;8;229;254m#[38;2;6;236;253m#[38;2;5;241;253m#[38;2;5;240;254m#[38;2;12;238;252m#[38;2;9;229;238m@[38;2;6;243;250m@[38;2;9;243;255m@[38;2;9;243;249m@[38;2;8;243;244m@[38;2;5;243;250m@[38;2;8;242;253m@[38;2;4;246;245m@[38;2;6;249;247m@[38;2;4;244;249m#[38;2;4;244;241m@[38;2;5;245;236m@[38;2;7;243;247m@[38;2;8;245;246m@[38;2;6;248;242m@[38;2;7;246;248m@[38;2;8;239;251m#[38;2;9;240;240m@[38;2;7;243;229m@[38;2;7;249;242m@[38;2;6;251;245m@[38;2;4;248;240m@[38;2;5;240;231m@[38;2;7;246;229m@[38;2;6;247;225m@[38;2;4;244;226m@[38;2;5;248;224m@[38;2;7;254;220m@[38;2;13;255;216m@[38;2;7;250;215m@[38;2;9;253;217m@[38;2;10;253;212m@[38;2;10;248;203m@[38;2;11;249;200m@[38;2;16;254;201m@[38;2;22;243;188m#[38;2;45;246;192m*                     [0m
[0;1m             [38;2;68;191;197m:[38;2;48;244;245mx[38;2;15;248;252m#[38;2;10;242;252m#[38;2;20;230;235m#[38;2;36;228;221m*[38;2;47;226;210m+[38;2;44;209;202m+[38;2;61;216;206m+[38;2;58;219;212m+[38;2;61;230;227m+[38;2;60;230;229m+[38;2;61;224;218m+[38;2;75;247;228m:    [38;2;62;221;210m:[38;2;52;212;216m+[38;2;25;228;234m*[38;2;30;237;239m*[38;2;35;239;239m#[38;2;33;239;241m#[38;2;29;241;248m#[38;2;33;234;237m#[38;2;42;232;239m*[38;2;25;243;246m*[38;2;47;227;223m*[38;2;49;213;206m*[38;2;27;212;204m*[38;2;14;243;250m#[38;2;9;244;245m@[38;2;6;245;250m@[38;2;7;250;254m@[38;2;11;251;252m@[38;2;11;250;252m@[38;2;10;248;255m@[38;2;8;246;252m@[38;2;5;243;249m@[38;2;5;240;252m@[38;2;9;230;253m#[38;2;7;231;251m#[38;2;7;240;255m#[38;2;16;229;255m#[38;2;13;232;254m#[38;2;9;234;255m#[38;2;7;233;255m#[38;2;8;234;255m#[38;2;5;223;243m@[38;2;2;238;255m@[38;2;6;224;254m#[38;2;9;229;251m@[38;2;9;237;251m@[38;2;5;238;255m@[38;2;5;232;253m@[38;2;5;231;246m@[38;2;3;235;252m@[38;2;2;232;253m#[38;2;3;235;250m@[38;2;4;238;249m@[38;2;6;235;253m@[38;2;6;237;250m@[38;2;5;242;248m@[38;2;6;242;255m@[38;2;8;241;255m#[38;2;6;241;251m@[38;2;6;240;242m@[38;2;6;236;246m#[38;2;5;238;248m#[38;2;6;241;247m#[38;2;12;237;251m#[38;2;9;241;248m#[38;2;8;238;237m#[38;2;4;241;244m#[38;2;3;246;245m@[38;2;4;250;240m@[38;2;6;246;237m@[38;2;5;245;236m@[38;2;9;247;232m@[38;2;12;255;242m@[38;2;9;255;234m@[38;2;8;252;226m@[38;2;10;248;220m@[38;2;11;253;223m@[38;2;22;246;213m#[38;2;57;208;192m+[38;2;86;207;201m+                   [0m
[0;1m            [38;2;61;217;232m*[38;2;23;242;254m#[38;2;16;241;247m#[38;2;20;232;233m*[38;2;33;211;225m*[38;2;63;215;215m*[38;2;62;217;211m*[38;2;48;217;214m+[38;2;57;220;225m+[38;2;46;209;220m+[38;2;34;188;200m+[38;2;44;218;228m+[38;2;48;221;232m+[38;2;51;214;226m+[38;2;47;200;216m+[38;2;28;194;210m+[38;2;35;204;211m+[38;2;67;223;218m+[38;2;64;208;216m:[38;2;65;204;216m.[38;2;83;206;213m:[38;2;58;223;222m+[38;2;45;240;238m*[38;2;44;233;236m*[38;2;54;220;227m#[38;2;46;234;240m#[38;2;41;230;231m#[38;2;48;226;227m*[38;2;49;231;234m*[38;2;58;226;234m*[38;2;53;223;234m*[38;2;32;226;239m#[38;2;11;246;253m@[38;2;7;239;251m@[38;2;8;243;255m@[38;2;11;241;255m@[38;2;8;236;250m@[38;2;5;232;246m@[38;2;6;232;253m@[38;2;6;228;252m@[38;2;5;225;246m#[38;2;10;228;249m#[38;2;12;220;255m#[38;2;19;222;244m#[38;2;12;218;249m#[38;2;10;218;255m#[38;2;8;212;253m@[38;2;6;211;253m@[38;2;5;215;255m@[38;2;8;209;255m@[38;2;6;208;250m@[38;2;5;213;251m@[38;2;7;211;255m@[38;2;8;210;249m@[38;2;7;210;241m@[38;2;7;208;243m@[38;2;6;205;250m@[38;2;6;214;247m@[38;2;9;219;251m@[38;2;5;214;254m@[38;2;5;215;247m@[38;2;6;219;244m@[38;2;6;222;253m@[38;2;7;219;250m@[38;2;7;218;244m@[38;2;5;218;248m@[38;2;3;216;255m@[38;2;5;219;249m@[38;2;5;229;250m@[38;2;7;238;255m@@[38;2;7;234;253m@[38;2;10;225;248m@[38;2;12;230;250m@[38;2;12;218;235m#[38;2;11;222;243m#[38;2;9;230;249m#[38;2;6;236;249m#[38;2;3;245;252m@[38;2;3;243;251m@[38;2;5;242;247m@[38;2;7;248;250m@[38;2;8;247;243m@[38;2;10;251;245m@[38;2;12;255;253m@[38;2;12;252;246m@[38;2;10;250;229m@[38;2;15;253;226m@[38;2;27;242;225m#[38;2;57;235;226m*[38;2;73;232;226m:                 [0m
[0;1m         [38;2;39;157;171m:[38;2;35;179;189m8[38;2;29;231;240m#[38;2;17;238;251m#[38;2;13;172;185m8[38;2;42;217;226m=[38;2;55;226;243m*[38;2;48;219;247m*[38;2;27;158;185m8[38;2;19;152;189m8[38;2;15;143;191m8[38;2;16;136;177m8[38;2;15;138;178m8[38;2;13;136;179m8[38;2;13;142;187m8[38;2;24;196;241m@[38;2;21;190;236m@[38;2;11;171;232m8[38;2;12;137;184m8[38;2;16;143;182m8[38;2;22;146;177m8[38;2;47;179;211m+[38;2;55;191;241m*[38;2;38;146;186m*[38;2;19;83;99m.[38;2;48;223;225m.[38;2;30;163;168m*[38;2;45;183;192m+[38;2;52;230;247mx[38;2;47;207;215m8[38;2;43;203;216m@[38;2;16;161;181m8[38;2;18;212;228m@[38;2;12;230;244m@[38;2;10;241;255m@[38;2;9;228;254m@[38;2;9;223;254m@[38;2;9;220;255m@[38;2;10;205;254m@[38;2;6;203;250m@[38;2;4;197;242m@[38;2;7;187;238m@[38;2;10;175;224m@[38;2;10;175;220m@[38;2;11;175;227m@[38;2;10;177;235m@[38;2;7;171;232m@[38;2;5;174;242m@[38;2;5;165;247m@[38;2;5;170;249m@[38;2;5;173;251m@[38;2;5;174;253m@[38;2;7;172;255m@[38;2;6;170;247m@[38;2;5;181;250m@[38;2;6;166;246m@[38;2;6;170;244m@[38;2;6;178;245m@[38;2;6;181;251m@[38;2;3;175;247m@[38;2;4;177;243m@[38;2;6;178;249m@[38;2;5;172;246m@[38;2;6;177;244m@[38;2;6;182;244m@[38;2;4;180;250m@[38;2;7;185;252m@[38;2;8;190;251m@[38;2;6;187;249m@[38;2;8;182;250m@[38;2;7;185;248m@[38;2;8;190;249m@[38;2;9;189;252m@[38;2;9;192;253m@[38;2;9;197;252m@[38;2;6;197;252m@[38;2;7;195;250m@[38;2;8;191;241m@[38;2;10;183;235m@[38;2;9;181;229m@[38;2;8;178;216m@[38;2;13;190;226m@[38;2;16;195;228m@[38;2;8;206;237m@[38;2;7;220;255m@[38;2;6;227;252m@[38;2;6;233;252m@[38;2;6;238;255m@[38;2;7;242;255m@[38;2;11;246;255m@[38;2;9;253;255m@[38;2;10;251;253m@[38;2;9;252;250m@[38;2;12;253;247m@[38;2;21;238;235m@[38;2;29;229;232mx[38;2;51;205;213m:              [0m
[0;1m        [38;2;24;154;165m:[38;2;18;218;249m#[38;2;17;229;248m#[38;2;35;218;229m*[38;2;58;194;209m*[38;2;47;200;225m*[38;2;25;152;183m8[38;2;14;185;249m#[38;2;10;175;242m#[38;2;10;173;249m@[38;2;9;172;249m#[38;2;8;168;243m#[38;2;11;158;237m#[38;2;9;164;243m#[38;2;9;167;246m#[38;2;11;163;251m#[38;2;10;166;253m@[38;2;9;166;252m@[38;2;10;159;248m@[38;2;9;153;238m@[38;2;6;152;235m@[38;2;11;159;245m#[38;2;24;158;245m#[38;2;35;153;236m*[38;2;51;137;201m*[38;2;60;145;203m+[38;2;40;100;138m*[38;2;41;109;139m*[38;2;55;163;185m=[38;2;42;170;197m+[38;2;22;199;228m@[38;2;7;199;234m@[38;2;8;223;253m@[38;2;7;210;250m@[38;2;8;206;249m@[38;2;9;212;253m@[38;2;8;184;244m@[38;2;6;171;237m@[38;2;6;168;238m@[38;2;9;135;212m@[38;2;10;139;216m@[38;2;9;156;238m#[38;2;6;139;219m@[38;2;9;147;227m#[38;2;11;145;226m#[38;2;11;134;230m#[38;2;8;135;225m@[38;2;4;133;221m@[38;2;7;131;223m@[38;2;7;125;218m@[38;2;6;127;218m@[38;2;5;126;219m@[38;2;7;119;221m@[38;2;10;121;222m@[38;2;6;122;218m@[38;2;7;125;218m@[38;2;10;130;222m@[38;2;9;143;237m@[38;2;9;149;240m@[38;2;13;157;248m@[38;2;10;146;240m@[38;2;10;149;240m@[38;2;8;155;250m@[38;2;9;148;248m@[38;2;9;150;246m@[38;2;9;151;243m@[38;2;9;149;243m@[38;2;11;148;240m@[38;2;11;149;239m@[38;2;8;150;244m@[38;2;10;149;244m@[38;2;8;150;244m@[38;2;7;154;245m@[38;2;11;155;246m@[38;2;13;156;247m@[38;2;13;156;249m@[38;2;11;162;250m@[38;2;13;165;249m@[38;2;13;166;247m@[38;2;13;168;251m@[38;2;10;165;248m@[38;2;7;162;241m@[38;2;9;157;222m@[38;2;11;160;219m@[38;2;21;165;225m#[38;2;22;165;226m@[38;2;11;172;229m@[38;2;6;180;229m@[38;2;8;202;247m@[38;2;7;206;250m@[38;2;9;214;250m@[38;2;7;223;251m@[38;2;9;230;253m@[38;2;9;231;252m@[38;2;10;234;251m@[38;2;10;240;252m@[38;2;11;242;252m@[38;2;21;214;223m@[38;2;41;183;191m+             [0m
[0;1m        [38;2;41;205;220m*[38;2;19;211;248m#[38;2;16;211;246m#[38;2;13;207;248m#[38;2;11;200;254m#[38;2;17;194;255m#[38;2;9;168;239m@[38;2;8;168;247m@[38;2;15;171;254m@[38;2;13;155;236m#[38;2;22;145;213m*[38;2;38;142;196m+[38;2;52;146;202m+[38;2;41;153;217m+[38;2;22;147;224m*[38;2;21;148;246m#[38;2;14;147;247m#[38;2;9;144;243m@[38;2;14;144;248m@[38;2;14;148;254m@[38;2;9;150;253m@[38;2;9;148;247m@[38;2;17;139;233m#[38;2;30;136;219m*[38;2;41;122;189m*[38;2;62;139;201m+[38;2;39;128;172m+[38;2;23;141;184m+[38;2;18;173;226m@[38;2;15;196;251m@[38;2;10;201;250m@[38;2;7;206;250m@[38;2;7;201;250m@[38;2;9;193;248m@[38;2;9;182;246m@[38;2;8;170;237m@[38;2;10;146;222m@[38;2;7;136;219m#[38;2;8;144;233m#[38;2;18;133;231m#[38;2;13;133;221m#[38;2;10;137;230m8[38;2;13;123;231m8[38;2;17;128;229m8[38;2;15;129;228m8[38;2;9;117;218m#[38;2;8;111;213m#[38;2;12;129;219m#[38;2;10;116;215m#[38;2;15;110;225m#[38;2;14;121;234m8[38;2;12;121;230m8[38;2;10;111;218m#[38;2;12;114;221m#[38;2;7;120;232m#[38;2;10;120;231m#[38;2;12;121;228m#[38;2;11;126;229m@[38;2;11;134;236m@[38;2;15;141;244m@[38;2;14;132;241m@[38;2;15;137;243m@[38;2;13;138;243m@[38;2;17;135;240m@[38;2;16;132;237m@[38;2;13;130;234m@[38;2;12;129;232m@[38;2;16;135;235m@[38;2;15;137;238m@[38;2;13;137;241m@[38;2;14;131;240m@[38;2;13;134;240m@[38;2;14;135;237m@[38;2;15;140;244m@[38;2;19;144;246m@[38;2;22;145;246m@[38;2;18;145;248m@[38;2;20;148;249m@[38;2;22;152;248m@[38;2;16;149;244m@[38;2;13;149;243m@[38;2;12;150;242m@[38;2;14;148;239m@[38;2;8;141;237m@[38;2;7;140;233m#[38;2;22;139;220m#[38;2;20;146;225m8[38;2;16;144;217m#[38;2;16;160;237m@[38;2;10;163;242m@[38;2;10;175;243m@[38;2;8;192;250m@[38;2;9;196;248m@[38;2;11;205;247m@[38;2;12;215;247m@[38;2;13;225;249m@[38;2;14;232;251m@[38;2;14;234;248m@[38;2;18;220;232m@[38;2;52;194;205m+[38;2;64;209;220m+           [0m
[0;1m         [38;2;40;203;221m+[38;2;47;225;238m+[38;2;51;225;238m+[38;2;50;197;219m*[38;2;49;164;206m*[38;2;23;141;183m8[38;2;16;179;250m#[38;2;37;151;212m*[38;2;47;153;219m*[38;2;52;128;191m+[38;2;53;99;156m+[38;2;52;120;182m+[38;2;55;119;181m:[38;2;55;118;182m.[38;2;56;104;184m+[38;2;40;116;222m*[38;2;24;128;252m#[38;2;16;127;249m@[38;2;13;126;247m@[38;2;6;124;243m#[38;2;3;123;234m#[38;2;19;130;242m#[38;2;32;129;231m*[38;2;32;126;206m*[38;2;56;147;200m+[38;2;28;158;214m@[38;2;8;170;235m@[38;2;8;187;254m@[38;2;9;186;252m@[38;2;9;179;247m@[38;2;10;175;247m@[38;2;12;166;242m@[38;2;11;153;233m@[38;2;9;144;229m@[38;2;9;141;229m@[38;2;13;130;225m#[38;2;11;121;218m8[38;2;12;114;210m8[38;2;14;104;212m8[38;2;19;113;212m8[38;2;19;111;215m8[38;2;15;100;219m8[38;2;17;109;225m88[38;2;17;101;213m8[38;2;22;111;229m8[38;2;16;107;215m8[38;2;12;101;220m8[38;2;18;101;226m8[38;2;18;102;222m8[38;2;17;101;224m8[38;2;16;100;232m8[38;2;26;111;240m8[38;2;14;106;235m8[38;2;16;108;235m8[38;2;17;106;236m8[38;2;17;110;235m#[38;2;17;111;226m@[38;2;20;118;234m@[38;2;17;112;232m@[38;2;19;115;234m@[38;2;19;115;230m@[38;2;24;111;226m@[38;2;22;113;227m@[38;2;18;116;228m@[38;2;17;113;222m@[38;2;21;118;237m#[38;2;17;118;237m#[38;2;16;110;218m@[38;2;26;119;239m#[38;2;25;120;242m#[38;2;21;114;226m@[38;2;22;112;227m@[38;2;25;115;231m@[38;2;29;122;235m@[38;2;31;128;241m@[38;2;34;135;245m@[38;2;35;137;245m@[38;2;31;135;242m@[38;2;26;135;239m@[38;2;22;135;237m@[38;2;18;133;236m@[38;2;14;121;226m@[38;2;12;116;216m@[38;2;19;127;233m#[38;2;18;120;218m8[38;2;15;117;210m8[38;2;11;126;226m8[38;2;12;131;224m@[38;2;14;147;234m@[38;2;10;159;241m@[38;2;13;161;240m@[38;2;14;170;240m@[38;2;15;182;241m@[38;2;15;195;245m@[38;2;15;205;247m@[38;2;13;211;246m@[38;2;15;222;249m@[38;2;16;230;252m#[38;2;33;194;214m8[38;2;66;176;190m+          [0m
[0;1m             [38;2;55;200;226m+[38;2;44;175;213m+[38;2;9;171;244m#[38;2;8;164;253m@[38;2;17;148;239m#[38;2;33;136;219m*[38;2;48;131;204m*[38;2;49;121;207m+[38;2;39;100;202m*[38;2;40;106;213m*[38;2;46;112;245m#[38;2;37;114;255m#[38;2;25;113;253m@[38;2;23;112;249m@[38;2;18;111;247m#[38;2;8;110;243m#[38;2;10;115;242m#[38;2;26;123;244m#[38;2;29;122;230m#[38;2;45;162;244mx[38;2;24;179;254m#[38;2;13;180;253m@[38;2;10;180;251m@[38;2;9;186;254m@[38;2;9;175;252m@[38;2;10;160;244m@[38;2;7;134;225m@[38;2;13;131;230m@[38;2;11;123;227m#[38;2;11;123;236m8[38;2;14;111;219m#[38;2;17;111;225m8[38;2;17;102;210m8[38;2;18;92;202m8[38;2;19;83;192m8[38;2;18;81;182m8[38;2;18;80;182m8[38;2;26;84;197m8[38;2;22;84;196m8[38;2;18;81;191m8[38;2;23;82;192m8[38;2;20;78;195m8[38;2;22;82;195m8[38;2;21;78;198m8[38;2;32;85;223m8[38;2;27;85;216m8[38;2;24;82;212m8[38;2;25;78;212m8[38;2;27;78;204m8[38;2;19;77;195m8[38;2;21;80;195m8[38;2;22;74;183m8[38;2;21;77;184m8[38;2;21;82;190m8[38;2;26;85;197m8[38;2;25;93;219m8[38;2;22;103;240m8[38;2;22;99;227m#[38;2;32;106;244m8[38;2;34;108;234m#[38;2;32;110;227m@[38;2;32;112;231m@[38;2;37;119;245m#[38;2;32;115;237m#[38;2;19;99;213m#[38;2;25;93;212m8[38;2;32;100;222m8[38;2;35;111;242m8[38;2;41;108;233m#[38;2;45;112;238m#[38;2;46;116;244m#[38;2;43;112;235m@[38;2;42;118;239m@[38;2;38;116;238m@[38;2;37;113;229m@[38;2;37;122;244m#[38;2;32;123;244m#[38;2;33;120;243m#[38;2;30;117;245m#[38;2;30;113;240m#[38;2;38;110;238m8[38;2;26;88;192m8[38;2;19;93;193m8[38;2;21;122;241m8[38;2;18;117;236m#[38;2;18;123;227m@[38;2;18;142;241m@[38;2;22;143;240m@[38;2;19;145;238m@[38;2;17;152;238m@[38;2;18;164;241m@[38;2;23;179;249m@[38;2;22;192;248m@[38;2;21;203;250m@[38;2;17;206;247m@[38;2;18;206;236m8[38;2;29;168;191m8[38;2;66;166;188m:         [0m
[0;1m               [38;2;23;180;236m*[38;2;9;159;246m#[38;2;11;165;255m@[38;2;16;145;246m#[38;2;24;114;224m*[38;2;44;116;230m*[38;2;47;106;245m#[38;2;36;102;254m@[38;2;38;101;253m@[38;2;27;98;250m@[38;2;18;98;248m@[38;2;21;103;248m#[38;2;19;105;249m#[38;2;13;108;246m#[38;2;9;108;244m#[38;2;25;129;248m#[38;2;19;146;247m#[38;2;12;167;242m@[38;2;17;189;255m@[38;2;13;185;254m@[38;2;9;178;251m@[38;2;9;170;248m@[38;2;9;145;234m@[38;2;10;129;224m#[38;2;14;117;221m8[38;2;16;109;222m8[38;2;19;114;232m8[38;2;19;115;236m8[38;2;15;105;220m#[38;2;20;89;194m8[38;2;22;93;221mx[38;2;20;64;164m8[38;2;26;67;172m8[38;2;37;96;238mx[38;2;34;96;238mx[38;2;23;60;166m8[38;2;31;77;213mx[38;2;26;73;202mx[38;2;24;68;206mx[38;2;34;79;218mx[38;2;30;78;211mx[38;2;21;55;158m8[38;2;23;52;163m8[38;2;28;72;219mx[38;2;26;72;216mx[38;2;31;75;229mx[38;2;45;80;226mx[38;2;34;79;220m=[38;2;26;58;174m+[38;2;39;80;222m*[38;2;37;77;216m+[38;2;34;71;200mx[38;2;34;70;212m+[38;2;38;80;214mx[38;2;43;96;236mx[38;2;24;67;179m8[38;2;34;87;213m8[38;2;43;107;245m8[38;2;42;111;242m#[38;2;36;103;223m@[38;2;41;112;240m#[38;2;43;118;246m#[38;2;45;120;244m#[38;2;45;109;229m#[38;2;34;100;227m8[38;2;23;80;197m8[38;2;35;82;208m8[38;2;41;87;221m8[38;2;45;93;230m8[38;2;47;98;230m#[38;2;51;107;240m#[38;2;49;105;237m#[38;2;47;98;230m#[38;2;47;99;226m#[38;2;46;102;226m#[38;2;45;102;233m#[38;2;41;97;235m#[38;2;40;95;241m8[38;2;36;75;211m8[38;2;26;60;163m8[38;2;35;96;236mx[38;2;32;92;213m8[38;2;32;101;232m#[38;2;29;104;226m@[38;2;23;114;231m@[38;2;24;112;228m@[38;2;23;116;229m@[38;2;21;121;229m@[38;2;19;127;230m@[38;2;23;139;237m@[38;2;25;158;241m@[38;2;24;172;246m@[38;2;19;172;239m@[38;2;19;184;237m#[38;2;22;165;204m8[38;2;81;162;186m=         [0m
[0;1m               [38;2;31;149;173m:[38;2;21;158;184m8[38;2;15;181;241m@[38;2;13;157;242m@[38;2;23;131;227m@[38;2;49;128;247mx[38;2;24;87;191m8[38;2;27;90;193m8[38;2;29;81;177m8[38;2;29;88;177m8[38;2;29;93;179m8[38;2;25;84;178m8[38;2;23;113;222m@[38;2;20;133;232m@[38;2;17;157;250m@[38;2;20;172;253m@[38;2;19;179;254m@[38;2;14;185;254m@[38;2;12;176;253m@[38;2;10;168;248m@[38;2;10;151;228m@[38;2;11;121;184m8[38;2;34;154;247mx[38;2;29;94;180m+[38;2;29;93;212m8[38;2;40;106;248m8[38;2;33;98;243m8[38;2;27;89;230m8[38;2;27;82;215m8[38;2;31;59;174m8[38;2;42;71;223mx[38;2;34;49;161m8[38;2;36;45;153m8[38;2;42;57;194mx[38;2;39;54;193mx[38;2;48;56;216mx[38;2;54;60;223mx[38;2;38;43;163m8[38;2;40;45;176m8[38;2;49;50;190m8[38;2;43;46;177m8[38;2;40;46;177m8[38;2;37;40;167m8[38;2;42;48;194mx[38;2;41;48;191m=[38;2;45;48;197m+[38;2;51;46;188m+[38;2;49;52;182mx[38;2;60;72;230mx[38;2;71;86;250mx[38;2;55;72;199m8[38;2;61;85;225m8[38;2;67;96;238m8[38;2;68;92;234m8[38;2;66;96;246m8[38;2;59;92;226m#[38;2;64;93;238m8[38;2;68;100;250m8[38;2;60;94;226m@[38;2;65;108;247m#[38;2;64;106;239m@[38;2;62;110;247m@[38;2;58;109;244m@[38;2;59;102;235m@[38;2;65;108;242m@[38;2;57;101;234m@[38;2;60;102;252m8[38;2;57;91;236m8[38;2;54;79;221m8[38;2;59;76;216m8[38;2;62;80;228m8[38;2;66;82;240m8[38;2;65;71;227m8[38;2;64;73;226m8[38;2;62;77;231m8[38;2;61;69;232m8[38;2;61;68;232m8[38;2;58;65;223m8[38;2;53;54;192m8[38;2;39;42;151m8[38;2;40;51;162m8[38;2;55;76;221m8[38;2;58;83;234m#[38;2;59;92;242m#[38;2;60;107;247m@[38;2;60;101;244m@[38;2;51;92;228m@[38;2;45;91;227m#[38;2;40;91;218m#[38;2;45;101;226m@[38;2;47;122;239m@[38;2;50;141;249m@[38;2;46;147;247m@[38;2;40;158;240m@[38;2;40;171;242m#[38;2;66;186;247mx[38;2;66;106;135m:        [0m
[0;1m                 [38;2;33;172;208m+[38;2;20;170;229m#[38;2;9;156;233m#[38;2;21;169;248m8[38;2;27;138;198m+[38;2;30;124;173m+[38;2;50;133;178m+[38;2;55;139;177m+[38;2;52;142;175m+[38;2;44;126;167m+[38;2;34;155;209m*[38;2;18;148;203m+[38;2;12;145;213m8[38;2;15;159;223m#[38;2;15;172;236m#[38;2;14;169;237m@[38;2;15;150;238m8[38;2;22;106;177m+[38;2;33;99;170m:[38;2;36;89;152m.[38;2;56;96;157m*[38;2;41;90;226mx[38;2;39;82;238m8[38;2;54;86;238m8[38;2;42;67;205m8[38;2;33;49;168m8[38;2;48;55;210mx[38;2;51;44;191mx[38;2;57;48;217m=[38;2;55;42;202mx[38;2;65;43;218mx[38;2;67;48;216mx[38;2;71;53;226mx[38;2;59;39;179m8[38;2;63;40;194m8[38;2;62;43;203m8[38;2;61;47;206m8[38;2;63;34;182m8[38;2;78;39;231mx[38;2;66;27;198mx[38;2;79;30;204mx[38;2;83;41;211mx[38;2;69;41;174m8[38;2;88;58;221m8[38;2;96;70;236m#[38;2;97;73;244m#[38;2;95;76;234m@[38;2;101;79;243m#[38;2;98;76;236m@[38;2;99;79;245m@[38;2;94;77;239m@[38;2;100;79;242m#[38;2;97;79;236m@[38;2;93;79;234m@[38;2;90;71;232m#[38;2;87;66;229m#[38;2;82;65;228m#[38;2;75;64;224m#[38;2;83;78;240m#[38;2;81;82;234m@[38;2;79;88;237m@[38;2;82;90;247m#[38;2;83;96;243m@[38;2;91;108;253m@[38;2;87;102;250m@[38;2;80;91;238m@[38;2;76;82;235m#[38;2;75;61;222m8[38;2;78;62;229m8[38;2;78;59;226m8[38;2;59;32;171m8[38;2;81;40;234mx[38;2;60;33;172m8[38;2;59;29;166m8[38;2;73;32;205mx[38;2;78;30;227m=[38;2;79;32;206mx[38;2;85;45;217mx[38;2;69;48;191m8[38;2;79;63;232m#[38;2;96;78;249m#[38;2;85;70;241m#[38;2;81;71;237m@[38;2;89;73;248m#[38;2;61;48;181m8[38;2;60;49;207mx[38;2;58;53;188m8[38;2;81;89;241m#[38;2;74;100;239m@[38;2;74;113;249m@[38;2;75;122;252m@[38;2;69;126;245m@[38;2;72;137;244m@[38;2;70;135;226m8[38;2;87;148;215mx[38;2;107;160;204m+       [0m
[0;1m                  [38;2;12;12;12m.[38;2;69;191;220m+[38;2;26;174;218mx[38;2;20;191;223m8[38;2;21;209;239m#[38;2;21;193;219m8[38;2;25;195;210m8[38;2;26;195;205m8[38;2;31;190;209mx[38;2;38;171;199m*[38;2;32;142;163m*[38;2;28;147;176m*[38;2;26;163;222m+[38;2;17;146;196m8[38;2;15;128;190m8[38;2;28;105;174m*[38;2;23;69;115m: [38;2;41;50;122m.[38;2;52;73;188m+[38;2;50;65;199m8[38;2;58;67;225m8[38;2;53;44;188m8[38;2;52;38;168m8[38;2;65;49;212m*[38;2;46;37;155m*[38;2;70;32;196mx[38;2;79;36;227mx[38;2;61;27;168m8[38;2;69;25;177m8[38;2;87;31;229mxx[38;2;80;31;187m8[38;2;90;32;203m8[38;2;92;27;213m8[38;2;93;26;220m8[38;2;99;29;203m8[38;2;91;24;189m8[38;2;91;21;194m8[38;2;113;33;212m8[38;2;140;54;251m8[38;2;138;65;245m@[38;2;143;75;255m@[38;2;143;71;255m@[38;2;142;62;250m@[38;2;142;62;251m@[38;2;141;60;245m@[38;2;142;58;251m@[38;2;135;56;252m@[38;2;121;55;248m@[38;2;126;56;243m#[38;2;118;44;240m#[38;2;105;37;236m#[38;2;104;33;218m8[38;2;99;30;211m8[38;2;95;30;210m8[38;2;85;28;198m8[38;2;101;46;232m8[38;2;100;56;231m@[38;2;100;63;244m@[38;2;98;66;235m@[38;2;105;78;249m@[38;2;104;87;253m@[38;2;105;88;254m@[38;2;104;86;254m@[38;2;98;76;241m@[38;2;102;65;244m#[38;2;103;64;244m#[38;2;103;54;245m8[38;2;77;24;184m8[38;2;90;24;218mx[38;2;81;25;195mx[38;2;97;24;203mx[38;2;95;21;211mx[38;2;103;25;230mx[38;2;76;17;168m8[38;2;81;27;175m8[38;2;99;46;217m8[38;2;107;56;239m@[38;2;112;53;243m@[38;2;110;54;242m#[38;2;104;51;237m#[38;2;94;33;227mx[38;2;89;32;205mx[38;2;75;39;179m8[38;2;97;62;241m8[38;2;95;73;243m@[38;2;95;91;253m@[38;2;98;101;254m@[38;2;100;108;255m@[38;2;95;117;255m@[38;2;91;125;255m@[38;2;83;127;244m@[38;2;73;118;211m8[38;2;98;146;227mx[38;2;147;177;220m=      [0m
[0;1m                    [38;2;91;158;167m*[38;2;91;189;197m*[38;2;84;209;216m+[38;2;54;162;173m*[38;2;34;138;145m*[38;2;37;202;211m*[38;2;27;206;220mx[38;2;21;195;206m8[38;2;21;186;195m8[38;2;30;149;159m*[38;2;32;123;136m:[38;2;29;101;119m:[38;2;26;91;113m:[38;2;19;40;55m. [38;2;41;47;133m.[38;2;38;49;138m*[38;2;60;60;202mx[38;2;52;47;178m8[38;2;53;37;179m8[38;2;84;45;213mx[38;2;85;37;210m*[38;2;76;24;190m:[38;2;66;15;163m:[38;2;106;18;214m*[38;2;85;14;179m+[38;2;93;17;207m=[38;2;111;19;219mx[38;2;114;22;208mx[38;2;120;21;212mx[38;2;96;13;170m8[38;2;107;13;182m8[38;2;108;12;183m8[38;2;104;13;183m8[38;2;115;13;190m8[38;2;111;12;179m8[38;2;149;23;219m8[38;2;195;44;253m#[38;2;185;41;242m@[38;2;187;43;248m@[38;2;190;46;252m@[38;2;184;39;239m@[38;2;181;32;240m#[38;2;171;21;241m8[38;2;149;17;211m8[38;2;139;16;209m8[38;2;140;18;221m8[38;2;148;24;235m8[38;2;144;19;224m8[38;2;153;22;242m8[38;2;145;19;238m8[38;2;127;15;209m8[38;2;112;12;190m8[38;2;92;9;164m8[38;2;115;11;206m=[38;2;122;19;219m=[38;2;92;23;173m8[38;2;116;38;229m#[38;2;122;46;239m#[38;2;124;56;243m@[38;2;130;70;253m@[38;2;132;72;255m@[38;2;129;71;250m@[38;2;123;64;240m@[38;2;121;49;241m#[38;2;125;51;240m#[38;2;124;44;239m8[38;2;86;17;171m8[38;2;102;14;208mx[38;2;97;15;198mx[38;2;128;22;232m=[38;2;105;16;192m=[38;2;94;12;183mx[38;2;98;16;181m8[38;2;107;20;193m8[38;2;123;31;223m8[38;2;131;40;243m#[38;2;125;28;232m#[38;2;97;15;194m8[38;2;104;16;221mx[38;2;110;14;201m=[38;2;126;23;224m=[38;2;93;31;181m8[38;2;119;55;246m8[38;2;118;62;240m@[38;2;118;73;252m@[38;2;120;80;254m@[38;2;118;81;255m@[38;2;113;86;255m@[38;2;111;97;255m@[38;2;112;113;255m@[38;2;103;111;242m8[38;2;81;90;177m8[38;2;151;163;224m=      [0m
[0;1m                        [38;2;12;12;12m.[38;2;85;147;146m:[38;2;65;212;209m*[38;2;31;187;195m=[38;2;21;160;169m8[38;2;20;196;210m8[38;2;23;171;188m+[38;2;26;110;135m:[38;2;20;58;79m. [38;2;34;27;119m:[38;2;49;43;177m+[38;2;60;54;207m=[38;2;61;52;178m8[38;2;61;41;173m8[38;2;80;34;218mx[38;2;106;33;234m=[38;2;99;24;204m+[38;2;84;15;167m+[38;2;88;14;174m+[38;2;113;13;197m+[38;2;100;14;169m*[38;2;108;15;184m*[38;2;127;16;199m+[38;2;127;14;197m=[38;2;147;14;232m=[38;2;104;10;160m8[38;2;164;16;227mx[38;2;171;15;224mx[38;2;131;11;169m8[38;2;156;14;192m8[38;2;180;16;209m8[38;2;218;22;240m#[38;2;218;16;235m@[38;2;209;17;232m#[38;2;208;18;235m8[38;2;195;15;218m8[38;2;186;15;217mx[38;2;193;17;221m=[38;2;177;18;204mx[38;2;191;13;222mx[38;2;195;12;235mx[38;2;139;10;172m8[38;2;144;13;180m8[38;2;168;15;209mx[38;2;180;19;223m=[38;2;159;13;209mx[38;2;160;17;210mx[38;2;162;15;226mx[38;2;114;9;169m8[38;2;100;8;156m8[38;2;136;14;217m+[38;2;111;14;180m+[38;2;111;14;178m=[38;2;112;16;186m8[38;2;142;37;233m#[38;2;147;49;251m@[38;2;151;52;254m@[38;2;145;52;245m@[38;2;138;50;234m@[38;2;152;48;248m#[38;2;151;44;247m#[38;2;150;36;250m8[38;2;108;17;189m8[38;2;121;15;223mx[38;2;121;15;230m=[38;2;122;17;205m=[38;2;108;16;175m*[38;2;111;14;195m=[38;2;107;16;174m8[38;2;107;13;175m8[38;2;119;12;197m8[38;2;139;14;233m8[38;2;134;14;213m8[38;2;129;16;207m=[38;2;125;15;196m+[38;2;133;14;213mx[38;2;105;14;172m8[38;2;121;28;210m8[38;2;131;44;236m#[38;2;137;51;241m@[38;2;133;53;248m@[38;2;135;57;253m@[38;2;133;57;247m@[38;2;134;61;248m@[38;2;136;71;249m@[38;2;135;79;253m@[38;2;121;74;240m#[38;2;106;70;208m8[38;2;135;107;210m=[38;2;12;12;12m.     [0m
[0;1m                          [38;2;109;199;200m.[38;2;55;155;161m*[38;2;26;207;221mx[38;2;20;223;237m#[38;2;19;177;193m8[38;2;25;177;199m=[38;2;43;144;189m.[38;2;28;30;85m:[38;2;58;48;174m*[38;2;68;58;199mx[38;2;65;55;184m8[38;2;78;55;210m8[38;2;77;39;192m8[38;2;106;31;233mx[38;2;123;22;235m=[38;2;124;17;216m=[38;2;125;14;214m=[38;2;108;10;190mx[38;2;145;13;220mx[38;2;150;14;219mx[38;2;157;14;232mx[38;2;133;12;181m8[38;2;158;14;209mx[38;2;166;15;210m=[38;2;185;16;226m=[38;2;210;19;239m=[38;2;201;16;219mx[38;2;167;11;181m8[38;2;233;13;241m8[38;2;243;15;248m8[38;2;226;16;229m#[38;2;156;12;164m8[38;2;187;16;199m=[38;2;184;17;196m+[38;2;207;19;216m+[38;2;192;16;198m=[38;2;209;22;209m+[38;2;202;45;197m*[38;2;169;32;171m*[38;2;191;26;203m*[38;2;173;19;185m+[38;2;164;17;172m+[38;2;192;18;208m=[38;2;205;17;224mx[38;2;198;17;212mx[38;2;172;18;185m=[38;2;182;21;198m+[38;2;174;19;192m+[38;2;185;18;208m*[38;2;162;16;193m+[38;2;149;15;189m=[38;2;157;16;206m=[38;2;153;15;212m+[38;2;156;14;205mx[38;2;178;25;237m8[38;2;186;35;241m@[38;2;187;39;243m@[38;2;182;37;241m@[38;2;185;28;236m@[38;2;184;31;236m@[38;2;180;24;246m8[38;2;116;11;170m8[38;2;136;14;212mx[38;2;124;13;200mx[38;2;144;18;203m+[38;2;119;19;154m*[38;2;141;13;209m=[38;2;149;15;215mx[38;2;156;16;214m=[38;2;174;16;228mx[38;2;173;15;227m8[38;2;117;9;165m8[38;2;136;13;187m=[38;2;153;17;212m=[38;2;166;15;225mx[38;2;143;14;187m8[38;2;167;25;230m8[38;2;172;37;251m#[38;2;173;40;247m@[38;2;168;39;245m@[38;2;166;40;246m@[38;2;159;33;243m#[38;2;113;19;175m8[38;2;122;15;192mx[38;2;134;33;207m#[38;2;167;64;252m@[38;2;162;71;244m#[38;2;134;62;208mx[38;2;160;114;202m=     [0m
[0;1m                          [38;2;59;116;122m:[38;2;44;172;183mx[38;2;21;172;187m8[38;2;22;214;239m8[38;2;19;175;210m8[38;2;22;157;202mx[38;2;41;105;181m:[38;2;56;61;183m+[38;2;85;71;222mx[38;2;81;62;199m8[38;2;93;65;226m8[38;2;107;52;232m8[38;2;102;32;209m8[38;2;100;21;195m8[38;2;110;14;191m8[38;2;104;10;164m8[38;2;158;13;223mx[38;2;140;11;182m8[38;2;196;13;224m8[38;2;201;13;221m8[38;2;223;14;239m8[38;2;221;14;232m8[38;2;177;12;191m8[38;2;151;10;167m8[38;2;196;14;211mx[38;2;200;17;209m=[38;2;189;16;197mx[38;2;165;12;173m8[38;2;163;10;172m8[38;2;203;15;210mx[38;2;191;17;197m+[38;2;169;18;169m+[38;2;208;25;204m:[38;2;107;15;106m:[38;2;181;32;224m.[38;2;68;18;148m:[38;2;88;47;150m+[38;2;252;252;255m#[38;2;125;95;157m=[38;2;106;59;162m*[38;2;81;15;171m:[38;2;63;14;132m.[38;2;91;17;165m.[38;2;129;95;160m:[38;2;252;252;255m#[38;2;142;111;144m=[38;2;181;89;189m*[38;2;220;28;233m:[38;2;140;19;141m*[38;2;168;18;177m*[38;2;154;17;170m+[38;2;173;16;195m+[38;2;193;16;215m+[38;2;197;17;210m=[38;2;158;12;169m8[38;2;211;14;223m8[38;2;227;17;239m8[38;2;229;19;243m8[38;2;221;14;236m8[38;2;224;14;237m8[38;2;185;13;207m8[38;2;185;16;219mx[38;2;170;14;203mx[38;2;162;12;196mx[38;2;160;16;188m+[38;2;164;19;189m*[38;2;148;19;173m*[38;2;178;18;208m*[38;2;168;15;186mx[38;2;212;16;237mx[38;2;153;10;175m8[38;2;156;13;177m=[38;2;158;15;183m+[38;2;188;15;220m=[38;2;149;11;167m8[38;2;166;12;184m8[38;2;197;15;217m8[38;2;216;18;237m#[38;2;212;15;232m#[38;2;190;15;218m8[38;2;167;16;192m8[38;2;164;14;192m+[38;2;173;14;195m=[38;2;186;15;212mx[38;2;173;13;201m8[38;2;202;22;232m8[38;2;219;33;252m8[38;2;202;41;235m@[38;2;211;53;234m8[38;2;163;56;174m8[38;2;166;99;170m+   [0m
[0;1m                         [38;2;96;174;180m+[38;2;49;172;192mx[38;2;25;181;212m8[38;2;23;194;230m#[38;2;24;191;242m8[38;2;44;143;237mx[38;2;49;93;202m=[38;2;72;80;232m=[38;2;88;67;203m8[38;2;100;56;223m8[38;2;112;56;243m8[38;2;118;62;241m#[38;2;132;41;246m8[38;2;126;22;223m8[38;2;142;16;222m8[38;2;165;16;225m8[38;2;172;13;211m8[38;2;194;13;217m8[38;2;231;16;243m8[38;2;235;13;239m#[38;2;235;17;236m#[38;2;235;19;237m#[38;2;206;12;211m8[38;2;212;14;222mx[38;2;207;16;219m=[38;2;188;15;195mx[38;2;195;16;196mx[38;2;228;16;231mx[38;2;200;11;209m8[38;2;244;16;243m8[38;2;217;14;215m8[38;2;186;14;184mx[38;2;194;21;190m=[38;2;141;17;137m* [38;2;55;11;145m.[38;2;61;12;156m+[38;2;76;13;183m*[38;2;16;4;48m:[38;2;15;9;38m.   [38;2;76;15;165m:[38;2;95;63;142mx[38;2;136;111;175m8[38;2;121;90;164m8[38;2;169;52;197m8[38;2;174;21;187m8[38;2;171;22;194m:[38;2;93;23;106m:[38;2;144;27;162m:[38;2;135;17;144m*[38;2;181;17;195m+[38;2;184;18;192m=[38;2;202;18;210m=[38;2;222;17;223mx[38;2;171;12;175m8[38;2;184;13;193m8[38;2;208;11;216m8[38;2;216;13;223m8[38;2;167;12;175m8[38;2;167;12;179m8[38;2;169;12;184m8[38;2;148;10;164m8[38;2;213;18;226m+[38;2;178;16;189m+[38;2;151;15;163m*[38;2;167;14;188mx[38;2;218;15;233mx[38;2;196;14;207mx[38;2;162;18;173m+[38;2;169;16;176m+[38;2;188;15;199m=[38;2;202;14;219mx[38;2;180;10;187m8[38;2;180;13;185m8[38;2;191;16;198m8[38;2;211;17;221m8[38;2;186;11;195m8[38;2;188;14;198mx[38;2;191;19;201m+[38;2;179;21;190m*[38;2;159;19;169m+[38;2;144;18;154m* [38;2;77;37;86m:[38;2;74;10;80m*[38;2;153;14;160m*[38;2;195;20;196m8[38;2;223;25;223m8[38;2;202;68;203mx[38;2;12;12;12m.  [0m
[0;1m                       [38;2;123;200;210m:[38;2;86;189;201m+[38;2;53;178;200mx[38;2;25;152;193m8[38;2;28;168;230m8[38;2;29;166;235m8[38;2;26;139;208m8[38;2;45;100;208m+[38;2;81;76;226m=[38;2;86;60;209m8[38;2;104;45;229m8[38;2;111;44;236m8[38;2;116;46;243m8[38;2;121;44;247m8[38;2;133;30;232m8[38;2;142;20;220m8[38;2;174;13;226m8[38;2;211;12;236m8[38;2;221;14;236m8[38;2;217;15;227m#[38;2;237;16;244m#[38;2;234;15;235m#[38;2;226;14;229m8[38;2;220;15;226m8[38;2;184;12;190m8[38;2;203;15;215mx[38;2;214;17;230m=[38;2;178;15;189mx[38;2;213;18;217m=[38;2;216;15;219mx[38;2;200;11;204m8[38;2;234;12;231m8[38;2;221;13;219m8[38;2;200;15;200mx[38;2;188;16;178m+[38;2;139;15;130m*[38;2;94;15;89m:  [38;2;65;13;116m:      [38;2;64;9;125m:[38;2;68;9;136m+[38;2;46;6;71m*[38;2;125;8;136m8[38;2;204;13;225m8[38;2;165;13;195mx[38;2;73;14;74m: [38;2;147;29;113m.[38;2;143;19;152m:[38;2;145;18;152m*[38;2;200;20;210m*[38;2;188;15;191m=[38;2;206;15;214m=[38;2;187;12;201mx[38;2;228;13;240mx[38;2;224;15;229mx[38;2;173;12;177m8[38;2;168;10;177m8[38;2;212;14;226mx[38;2;192;15;204mx[38;2;220;21;225mx[38;2;180;19;188m+[38;2;199;21;214m:[38;2;213;15;218mx[38;2;218;18;221m=[38;2;200;19;204m+[38;2;178;17;184m+[38;2;183;13;186m=[38;2;205;18;207mx[38;2;220;18;224m8[38;2;195;13;198m8[38;2;212;17;220mx[38;2;186;15;197mx[38;2;204;14;217mx[38;2;202;19;216m=[38;2;148;16;164m+[38;2;162;18;179m*[38;2;152;18;176m:[38;2;105;20;142m:[38;2;74;25;110m*[38;2;170;160;178m8[38;2;252;252;255m#[38;2;123;19;147m*[38;2;167;21;164m:[38;2;203;19;194m*[38;2;209;23;206mx[38;2;166;56;167mx   [0m
[0;1m                       [38;2;75;164;187m*[38;2;57;195;232m=[38;2;32;146;189m8[38;2;48;162;243m8[38;2;54;138;233m8[38;2;46;112;205m8[38;2;48;91;211m+[38;2;66;65;205m+[38;2;69;46;176m8[38;2;99;54;234m8[38;2;120;49;240m8[38;2;120;36;231m8[38;2;121;29;229m8[38;2;128;31;235m8[38;2;144;22;228m8[38;2;148;13;201m8[38;2;183;11;216m8[38;2;223;12;236m8[38;2;228;14;233m8[38;2;243;16;245m8[38;2;248;17;249m#[38;2;237;16;237m#[38;2;222;13;225m8[38;2;205;13;208m8[38;2;170;10;175m8[38;2;214;16;222mx[38;2;212;17;219mx[38;2;201;14;206mx[38;2;200;17;204m=[38;2;220;18;223m=[38;2;165;10;167m8[38;2;214;10;213m8[38;2;212;12;215m8[38;2;165;10;167m8[38;2;201;17;191m*[38;2;181;19;180m=[38;2;185;21;188m+[38;2;122;18;126m:[38;2;98;13;103m.     [38;2;72;14;120m.[38;2;110;17;171m:[38;2;94;13;142m*[38;2;95;11;130m*[38;2;188;14;217m+[38;2;171;12;182m8[38;2;204;15;218m8[38;2;158;15;187mx[38;2;76;12;115m:[38;2;79;12;111m:[38;2;156;24;182m:[38;2;115;25;134m*[38;2;158;25;171m*[38;2;143;18;143m*[38;2;167;18;163m*[38;2;164;16;168m+[38;2;197;17;208m+[38;2;188;13;195mx[38;2;188;13;185m8[38;2;218;15;216m8[38;2;204;16;205mx[38;2;195;14;200mx[38;2;168;11;172m8[38;2;189;12;188m8[38;2;200;16;197m=[38;2;187;23;193m*[38;2;217;24;219mx[38;2;185;20;183m=[38;2;164;16;160m+[38;2;173;15;174m=[38;2;162;12;164m8[38;2;213;17;212m8[38;2;226;18;226m#[38;2;213;14;212m8[38;2;226;17;231mx[38;2;213;20;222m+[38;2;194;19;198m*[38;2;183;17;185m*[38;2;106;16;108m:  [38;2;73;11;154m:[38;2;82;16;189m*[38;2;110;61;177m8[38;2;121;64;187mx[38;2;135;15;169m+[38;2;211;17;200mx[38;2;193;23;181m+[38;2;186;56;175m*[38;2;132;66;126m:   [0m
[0;1m                     [38;2;12;12;12m.[38;2;97;180;226m=[38;2;53;148;218mx[38;2;54;138;219m8[38;2;66;148;244m#[38;2;73;129;252m8[38;2;62;82;206m8[38;2;53;61;174m8[38;2;77;66;212mx[38;2;88;53;193m8[38;2;106;49;222m8[38;2;117;43;245m8[38;2;125;35;234m8[38;2;123;25;218m8[38;2;126;19;212m8[38;2;136;19;217m8[38;2;161;13;223m8[38;2;196;14;224m8[38;2;225;16;238m8[38;2;225;13;231m#[38;2;246;14;245m8[38;2;232;13;228m#[38;2;226;12;222m@[38;2;233;15;226m@[38;2;247;19;240m#[38;2;241;18;237m#[38;2;220;14;219m8[38;2;175;12;174m8[38;2;209;15;210mx[38;2;184;14;191mx[38;2;220;20;219m=[38;2;212;18;211mx[38;2;184;13;190m8[38;2;228;14;226m8[38;2;215;13;213m8[38;2;215;14;215m8[38;2;198;15;200mx[38;2;189;17;190m*[38;2;162;16;164m*[38;2;194;18;200m+[38;2;177;20;183m*[38;2;201;24;206m.[38;2;88;11;96m. [38;2;111;13;159m:[38;2;112;14;160m*[38;2;110;17;152m*[38;2;135;19;181m:[38;2;166;14;195m+[38;2;163;11;188m8[38;2;182;12;198m8[38;2;198;15;213mx[38;2;163;16;176m+[38;2;181;24;198m:[38;2;167;17;195m+[38;2;173;16;206m=[38;2;174;19;204m*[38;2;123;15;133m*[38;2;160;22;162m:[38;2;182;19;180m*[38;2;213;16;204m=[38;2;210;17;207mx[38;2;173;14;173m8[38;2;221;12;218m8[38;2;234;15;225m8[38;2;177;13;169m8[38;2;175;13;167m8[38;2;218;22;205m8[38;2;235;28;219m#[38;2;239;21;221m#[38;2;196;17;182m8[38;2;185;17;176m=[38;2;178;16;176m=[38;2;197;18;187m=[38;2;212;19;200mx[38;2;200;17;190m8[38;2;236;25;215m#[38;2;234;28;214m@[38;2;245;28;229m@[38;2;246;22;234m#[38;2;197;16;192m8[38;2;219;16;218mx[38;2;199;15;198mx[38;2;189;16;192m*    [38;2;45;6;90m.[38;2;62;10;155m*[38;2;78;16;162m*[38;2;144;17;163m=[38;2;198;18;198m8[38;2;204;42;205m=[38;2;179;89;180m*    [0m
[0;1m                    [38;2;89;113;154m:[38;2;83;133;209m=[38;2;62;126;231mx[38;2;63;110;212m8[38;2;65;109;226m#[38;2;64;100;225m@[38;2;85;94;247m8[38;2;76;52;191m8[38;2;91;46;230mx[38;2;76;31;175m8[38;2;100;29;197m8[38;2;119;30;223m8[38;2;127;27;235m8[38;2;121;16;210m8[38;2;112;12;179m8[38;2;139;14;208mx[38;2;161;15;226m=[38;2;149;11;184m8[38;2;183;12;200m8[38;2;217;15;229m8[38;2;240;12;239m8[38;2;236;14;233m8[38;2;227;14;223m#[38;2;233;14;227m@[38;2;229;17;221m@[38;2;232;16;225m#[38;2;234;16;230m#[38;2;237;14;232m8[38;2;204;13;202m8[38;2;182;12;182m8[38;2;153;10;155m8[38;2;214;19;209m=[38;2;198;17;193mx[38;2;187;12;187m8[38;2;230;13;224m8[38;2;195;11;190m8[38;2;188;11;186m8[38;2;180;11;179m8[38;2;197;15;196mx[38;2;187;18;185m+[38;2;146;20;140m*[38;2;148;15;138m*[38;2;182;17;189m*[38;2;155;20;168m+[38;2;122;16;125m*[38;2;121;15;124m:[38;2;89;9;96m:[38;2;102;12;112m:[38;2;213;24;234m:[38;2;182;19;196m+[38;2;174;19;189m=[38;2;132;16;139m*[38;2;124;17;127m*[38;2;173;21;181m*[38;2;212;20;227m*[38;2;170;19;178m*[38;2;143;17;146m+[38;2;168;20;169m+[38;2;188;18;182m+[38;2;189;18;181m=[38;2;155;12;146m8[38;2;194;15;177m8[38;2;205;18;186m8[38;2;207;19;189m8[38;2;195;13;178m8[38;2;194;17;166m8[38;2;212;23;174m8[38;2;239;34;197m8[38;2;237;47;190m#[38;2;252;59;194m#[38;2;241;46;183m@[38;2;238;46;186m#[38;2;188;31;152m8[38;2;204;20;180mx[38;2;231;27;198mx[38;2;202;30;167m8[38;2;235;41;190m#[38;2;239;45;189m@[38;2;247;54;196m@[38;2;250;46;210m@[38;2;230;29;205m#[38;2;205;19;188m8[38;2;188;14;180m8[38;2;192;14;191m8[38;2;181;14;181mx[38;2;127;19;137m.[38;2;105;17;152m.[38;2;110;17;167m:[38;2;80;11;127m*[38;2;82;11;155m*[38;2;107;19;180m:[38;2;137;21;145m*[38;2;190;26;189m=[38;2;191;25;185m8[38;2;186;60;181m=     [0m
[0;1m                   [38;2;111;86;165m:[38;2;115;94;209m=[38;2;80;73;190m8[38;2;98;95;237m#[38;2;104;85;248m8[38;2;103;71;234m#[38;2;106;64;237m#[38;2;104;42;226m8[38;2;103;23;189m8[38;2;113;24;198m8[38;2;129;27;230m8[38;2;128;18;218m8[38;2;127;14;211m8[38;2;113;12;184m8[38;2;130;13;194mx[38;2;173;16;229m+[38;2;176;15;217m+[38;2;155;14;190m=[38;2;193;14;222m=[38;2;211;15;223mx[38;2;189;12;196m8[38;2;222;14;224m8[38;2;222;14;221m8[38;2;225;14;224m8[38;2;239;14;239m8[38;2;228;11;227m8[38;2;197;11;197m8[38;2;190;11;191m8[38;2;175;10;178m8[38;2;160;10;160m8[38;2;237;15;234mx[38;2;224;15;223mx[38;2;217;18;215m=[38;2;195;15;192mx[38;2;171;11;168m8[38;2;235;15;221m8[38;2;235;17;223m8[38;2;205;14;198m8[38;2;219;16;212mx[38;2;190;16;185mx[38;2;220;17;219m=[38;2;188;13;193mx[38;2;212;17;211m=[38;2;201;19;200m+[38;2;170;15;174m+[38;2;215;18;212m*[38;2;189;17;186m+[38;2;173;16;174m=[38;2;182;15;185m=[38;2;195;18;195m+[38;2;189;19;189m=[38;2;209;18;208m=[38;2;197;17;191m+[38;2;194;16;190m+[38;2;196;17;194m+[38;2;193;18;190m+[38;2;206;16;198m=[38;2;195;14;187mx[38;2;207;14;199mx[38;2;227;17;208mx[38;2;185;14;162m8[38;2;197;15;168m8[38;2;194;21;160m8[38;2;195;29;153m8[38;2;203;38;151m8[38;2;216;49;155m#[38;2;239;60;165m#[38;2;237;65;160m@[38;2;245;74;166m@[38;2;248;83;166m@[38;2;250;92;163m@[38;2;253;93;165m@[38;2;253;98;168m@[38;2;249;101;167m@[38;2;240;97;166m#[38;2;230;86;158m8[38;2;215;69;147m8[38;2;230;65;158m8[38;2;240;89;164m@[38;2;252;109;175m@[38;2;255;112;178m@[38;2;244;97;175m@[38;2;234;69;177m8[38;2;193;31;162m8[38;2;182;14;168m8[38;2;156;11;149m8[38;2;181;19;182m+[38;2;165;21;178m*[38;2;135;15;153m*[38;2;118;14;135m*[38;2;120;14;147m*[38;2;144;13;168mx[38;2;166;17;170m8[38;2;168;25;165m8[38;2;191;71;184m=[38;2;115;59;113m:     [0m
[0;1m                   [38;2;163;64;206m+[38;2;122;24;178m8[38;2;151;43;250m8[38;2;132;41;233m@[38;2;141;37;233m#[38;2;143;26;238m8[38;2;131;15;221m8[38;2;126;12;194m8[38;2;158;15;220m8[38;2;167;15;226m#[38;2;180;15;236m#[38;2;179;14;224m8[38;2;146;11;179m8[38;2;149;14;189m=[38;2;161;16;199m+[38;2;180;17;203m=[38;2;198;18;220m=[38;2;195;18;226m=[38;2;181;16;200mx[38;2;193;14;201mx[38;2;167;10;172m8[38;2;196;9;200m8[38;2;198;10;201m8[38;2;197;11;200m8[38;2;197;11;199m8[38;2;149;10;152m8[38;2;202;16;206mx[38;2;171;12;176m8[38;2;197;10;197m8[38;2;183;12;183m8[38;2;172;12;172m8[38;2;210;15;210mx[38;2;207;18;204m=[38;2;215;19;212m=[38;2;209;17;208mx[38;2;196;11;188m8[38;2;220;16;208m8[38;2;247;21;237m8[38;2;223;15;211m8[38;2;189;14;178m8[38;2;165;13;158m8[38;2;220;16;221mx[38;2;199;16;200mx[38;2;212;16;206mx[38;2;161;12;165m8[38;2;231;15;235mx[38;2;216;16;218mx[38;2;201;17;203mx[38;2;194;16;200mx[38;2;197;16;193mx[38;2;189;18;181mx[38;2;204;17;201m=[38;2;188;15;174m=[38;2;215;16;197m=[38;2;213;15;199mx[38;2;165;11;157m8[38;2;219;17;202mx[38;2;225;17;205mx[38;2;180;11;165m8[38;2;176;16;154m8[38;2;172;24;138m8[38;2;207;44;142m8[38;2;242;65;155m#[38;2;242;73;154m@[38;2;249;82;159m@[38;2;251;83;156m@[38;2;254;87;157m@[38;2;255;92;156m@[38;2;255;100;155m@[38;2;255;106;155m@[38;2;255;110;155m@[38;2;255;111;156m@[38;2;255;121;162m@[38;2;255;126;163m@[38;2;255;127;166m@[38;2;255;129;168m@[38;2;255;127;170m@[38;2;255;120;172m@[38;2;254;85;177m8[38;2;231;81;158m8[38;2;251;129;181m@[38;2;255;144;188m@[38;2;255;143;188m@[38;2;239;120;175m@[38;2;218;75;164m8[38;2;162;20;148m8[38;2;212;17;204mx[38;2;205;17;203mx[38;2;180;15;175m=[38;2;219;18;209m=[38;2;233;18;220mx[38;2;186;16;172m8[38;2;174;31;162mx[38;2;146;59;140m+       [0m
[0;1m                 [38;2;164;65;175m+[38;2;176;64;203m+[38;2;166;31;208m=[38;2;158;15;195m8[38;2;193;19;245m8[38;2;183;21;240m#[38;2;184;18;238m8[38;2;166;13;216m8[38;2;139;10;181m8[38;2;190;14;229mx[38;2;203;15;230m8[38;2;211;14;234m#[38;2;209;12;232m#[38;2;195;11;210m8[38;2;224;13;242mx[38;2;173;14;190m+[38;2;144;15;158m*[38;2;185;15;196m+[38;2;206;15;220m=[38;2;183;13;202mx[38;2;186;15;199mx[38;2;193;14;199mx[38;2;202;13;216mx[38;2;216;17;224mx[38;2;222;16;226m=[38;2;207;15;214m=[38;2;202;15;216mx[38;2;223;16;234mx[38;2;223;15;229mx[38;2;210;13;222mx[38;2;204;15;213mx[38;2;212;17;216m=[38;2;214;17;219m=[38;2;200;16;207mx[38;2;223;17;223m=[38;2;216;15;215m=[38;2;186;13;187mx[38;2;209;15;207mx[38;2;175;11;169m8[38;2;223;16;214m8[38;2;224;14;209m#[38;2;235;17;217m8[38;2;227;17;210m8[38;2;218;14;206m8[38;2;184;14;179m8[38;2;212;14;202mx[38;2;192;15;196m=[38;2;188;14;193m=[38;2;209;16;211m=[38;2;226;16;227m=[38;2;219;14;221m=[38;2;193;16;179m=[38;2;203;18;190mx[38;2;175;12;167m8[38;2;164;10;154m8[38;2;168;11;153m8[38;2;163;12;147m8[38;2;192;17;176mx[38;2;206;29;168mx[38;2;224;38;170mx[38;2;157;29;115m8[38;2;186;38;127m8[38;2;242;77;160m8[38;2;248;90;155m@[38;2;255;90;154m@[38;2;252;90;153m@[38;2;246;93;152m@[38;2;248;101;158m@[38;2;253;105;162m@[38;2;255;99;158m@[38;2;255;99;160m@[38;2;255;101;159m@[38;2;255;100;157m@[38;2;255;95;159m@[38;2;255;107;168m@[38;2;255;101;174m@[38;2;255;92;179m@[38;2;255;96;181m@[38;2;255;102;186m@[38;2;255;106;193m@[38;2;255;104;200m@[38;2;235;61;196m8[38;2;182;32;160m8[38;2;233;78;189m#[38;2;240;109;191m@[38;2;253;137;203m@[38;2;250;138;204m@[38;2;199;52;172m8[38;2;227;25;211mx[38;2;172;16;163m8[38;2;186;18;171m8[38;2;204;21;190m8[38;2;183;20;171m8[38;2;199;47;188m+[38;2;173;89;164m*        [0m
[0;1m                 [38;2;192;55;198m+[38;2;193;44;208m=[38;2;208;16;230mx[38;2;187;15;195m8[38;2;217;16;230m#[38;2;232;17;249m#[38;2;233;14;244m8[38;2;220;13;232m8[38;2;194;12;208m8[38;2;185;13;200mx[38;2;200;13;205m8[38;2;225;15;228m#[38;2;228;16;235m#[38;2;218;13;223m8[38;2;185;11;188m8[38;2;186;15;191m=[38;2;155;17;156m*[38;2;168;17;170m*[38;2;178;16;187m+[38;2;187;16;202m=[38;2;213;18;222m=[38;2;213;17;221m=[38;2;219;16;235m=[38;2;193;17;205mx[38;2;201;17;208m=[38;2;212;18;219m+[38;2;212;17;225m=[38;2;215;16;219mx[38;2;185;14;188mx[38;2;210;17;223m=[38;2;216;17;233m=[38;2;195;17;200m=[38;2;198;17;200m=[38;2;218;17;223m=[38;2;214;18;208m=[38;2;216;17;207m=[38;2;223;18;224m=[38;2;158;10;153m8[38;2;214;16;200mx[38;2;166;10;154m8[38;2;236;15;220m8[38;2;229;19;210m#[38;2;234;20;212m#[38;2;234;17;212m#[38;2;214;13;199m8[38;2;173;12;157m8[38;2;206;15;203mx[38;2;233;18;220m=[38;2;192;18;175mx[38;2;202;19;185mx[38;2;158;11;149m8[38;2;191;14;173m8[38;2;206;21;182m8[38;2;183;13;162m8[38;2;223;17;197m=[38;2;213;22;181m=[38;2;188;26;152mx[38;2;150;31;109m8[38;2;225;67;149m8[38;2;248;84;159m#[38;2;243;88;151m@[38;2;244;84;146m@[38;2;253;93;151m@[38;2;255;104;154m@[38;2;255;112;158m@[38;2;255;112;160m@[38;2;255;107;160m@[38;2;255;101;159m@[38;2;255;102;163m@[38;2;255;100;169m@[38;2;255;94;175m@[38;2;255;92;177m@[38;2;255;86;180m@[38;2;255;66;188m@[38;2;239;54;187m@[38;2;237;47;203m@[38;2;246;50;222m@[38;2;237;51;213m@[38;2;238;51;216m@[38;2;249;51;231m@[38;2;241;47;229m@[38;2;253;47;249m8[38;2;237;30;238m8[38;2;185;19;193m8[38;2;173;25;170m8[38;2;215;76;196m8[38;2;245;123;216m@[38;2;252;126;219m#[38;2;196;54;167m8[38;2;184;30;164m8[38;2;232;43;208m8[38;2;199;43;180mx[38;2;171;64;161m+[38;2;141;80;138m:         [0m
[0;1m                [38;2;198;72;194m+[38;2;173;62;166m+[38;2;182;42;182m+[38;2;159;11;163m8[38;2;234;15;232m#[38;2;237;16;234m#[38;2;247;18;246m#[38;2;246;13;242m8[38;2;229;13;225m8[38;2;203;12;201m8[38;2;227;14;224m=[38;2;186;12;180m8[38;2;234;14;230m8[38;2;225;14;222m#[38;2;214;13;204m8[38;2;200;13;188m8[38;2;151;11;145m8[38;2;188;15;185m+[38;2;154;14;152m*[38;2;131;13;132m*[38;2;159;16;164m*[38;2;173;16;176m+[38;2;198;17;198m+[38;2;211;17;213m+[38;2;186;16;189m=[38;2;189;18;192m+[38;2;187;19;193m+[38;2;210;22;220m+[38;2;214;20;219m*[38;2;174;19;176m*[38;2;189;19;190m+[38;2;222;19;223m+[38;2;202;18;201m+[38;2;190;17;189m+[38;2;180;15;182m=[38;2;221;18;208m=[38;2;224;18;205mx[38;2;192;17;176m8[38;2;201;17;175m8[38;2;197;17;167m8[38;2;205;17;177m8[38;2;198;18;172m8[38;2;173;16;146m8[38;2;168;14;141m8[38;2;184;13;159m8[38;2;198;13;174m8[38;2;205;17;173m8[38;2;194;13;168m8[38;2;186;13;158m8[38;2;199;21;164m8[38;2;209;24;171m8[38;2;200;15;167m8[38;2;161;14;131m8[38;2;221;29;172mx[38;2;227;31;175mx[38;2;203;34;148mx[38;2;173;40;115m8[38;2;224;64;142m8[38;2;240;80;147m@[38;2;252;88;151m@[38;2;254;91;150m@[38;2;250;91;147m@[38;2;248;97;147m@[38;2;255;110;155m@[38;2;255;111;159m@[38;2;255;104;158m@[38;2;255;103;161m@[38;2;254;99;165m@[38;2;251;84;165m@[38;2;255;84;177m@[38;2;246;71;187m@[38;2;235;55;196m@[38;2;236;53;205m@[38;2;236;52;214m@[38;2;232;40;226m@[38;2;233;32;237m8[38;2;208;23;225m8[38;2;190;14;219m8[38;2;162;12;188m8[38;2;161;17;187m8[38;2;187;25;217m8[38;2;185;22;220m8[38;2;175;22;209m8[38;2;184;21;225m8[38;2;181;19;222m8[38;2;154;16;192m8[38;2;141;17;173m8[38;2;169;39;189m8[38;2;230;98;221m@[38;2;237;106;217m@[38;2;237;93;212m8[38;2;182;40;162m+[38;2;176;94;166m+           [0m
[0;1m                 [38;2;199;65;195m+[38;2;189;42;187m=[38;2;213;14;211mx[38;2;229;16;220m8[38;2;243;22;231m#[38;2;242;22;230m@[38;2;237;18;224m#[38;2;229;18;214m#[38;2;228;17;214m8[38;2;203;12;197mx[38;2;218;14;205m=[38;2;189;11;179m8[38;2;228;13;218m#[38;2;239;16;222m8[38;2;238;18;215m8[38;2;223;15;207m8[38;2;229;16;209mx[38;2;206;16;191m=[38;2;189;17;182m+[38;2;177;19;174m*[38;2;171;18;161m+[38;2;165;17;162m*[38;2;133;14;131m:[38;2;158;16;157m*[38;2;135;15;136m*[38;2;154;17;154m:[38;2;140;14;136m:[38;2;158;17;154m*[38;2;151;16;152m*[38;2;179;19;180m*[38;2;162;18;156m*[38;2;150;16;150m*[38;2;177;17;182m*[38;2;200;18;203m=[38;2;222;20;208mx[38;2;181;16;162m8[38;2;221;21;195m8[38;2;233;32;195m#[38;2;249;37;204m8[38;2;239;35;196m#[38;2;239;36;195m#[38;2;238;39;189m8[38;2;221;32;175m8[38;2;210;21;169m8[38;2;172;20;138m8[38;2;215;23;172mx[38;2;206;17;178mx[38;2;221;21;185mx[38;2;238;27;192mx[38;2;163;21;128m8[38;2;208;29;158mx[38;2;165;34;116m8[38;2;210;62;140m8[38;2;234;75;152m#[38;2;241;81;148m#[38;2;247;94;152m@[38;2;255;102;158m@[38;2;253;95;154m@[38;2;255;102;158m@[38;2;255;107;162m@[38;2;254;102;160m@[38;2;242;95;152m@[38;2;238;95;149m@[38;2;244;95;161m@[38;2;250;87;170m@[38;2;253;93;183m@[38;2;254;99;197m@[38;2;249;84;202m@[38;2;255;79;215m@[38;2;247;64;228m@[38;2;230;34;240m8[38;2;196;20;221m8[38;2;174;17;212m8[38;2;156;15;207m8[38;2;148;15;203m8[38;2;141;17;204m8[38;2;119;15;186m8[38;2;128;17;209mx[38;2;133;19;227m=[38;2;123;18;216mx[38;2;116;16;207mx[38;2;122;18;220m=[38;2;111;19;210mx[38;2;120;20;232mx[38;2;116;25;222mx[38;2;120;26;222mx[38;2;137;25;236mx[38;2;124;26;176m8[38;2;203;71;230m8[38;2;233;95;244m#[38;2;192;59;227mx[38;2;181;99;199m=[38;2;12;12;12m.          [0m
[0;1m                [38;2;169;97;158m:[38;2;168;84;161m:[38;2;207;84;192m*[38;2;217;46;192m*[38;2;205;27;171mx[38;2;243;41;199m#[38;2;255;47;207m@[38;2;238;42;192m@[38;2;250;38;202m#[38;2;235;29;193m#[38;2;181;13;154m8[38;2;204;19;178m=[38;2;206;20;183mx[38;2;198;14;178m8[38;2;215;17;182m8[38;2;239;23;196m8[38;2;227;23;188m#[38;2;234;27;195m8[38;2;209;21;173m8[38;2;183;15;154m8[38;2;158;11;145m8[38;2;224;16;209mx[38;2;191;15;179mx[38;2;190;14;185mx[38;2;197;17;184mx[38;2;191;17;174m=[38;2;186;17;170m+[38;2;186;15;174m+[38;2;210;21;193m*[38;2;232;26;222m:[38;2;203;21;198m*[38;2;144;17;135m*[38;2;199;26;185m:[38;2;141;17;134m*[38;2;210;19;195m*[38;2;212;19;190m=[38;2;206;18;181mx[38;2;177;18;152m8[38;2;238;38;186m8[38;2;251;51;190m8[38;2;241;59;174m@[38;2;253;64;180m@[38;2;247;65;173m@[38;2;245;68;172m@[38;2;246;71;173m@[38;2;230;55;156m@[38;2;237;56;158m#[38;2;238;51;159m8[38;2;233;56;155m8[38;2;243;71;160m8[38;2;235;77;152m#[38;2;228;76;141m@[38;2;244;95;149m@[38;2;255;116;160m@[38;2;255;115;159m@[38;2;253;108;155m@[38;2;255;107;155m@[38;2;253;103;155m@[38;2;236;81;151m#[38;2;225;77;150m#[38;2;236;87;165m@[38;2;255;98;187m@[38;2;246;87;178m@[38;2;247;92;186m@[38;2;242;85;199m@[38;2;245;71;213m#[38;2;229;65;207m@[38;2;229;64;218m@[38;2;216;45;220m#[38;2;219;51;228m@[38;2;208;45;235m@[38;2;183;29;245m8[38;2;143;18;223m8[38;2;108;12;194m8[38;2;85;11;159m8[38;2;103;13;201m=[38;2;70;11;161m*[38;2;50;13;136m*[38;2;52;21;167m*[38;2;55;29;209m*[38;2;45;28;187m=[38;2;43;30;141m8[38;2;43;37;153m8[38;2;48;49;177m8[38;2;59;58;195m8[38;2;60;61;192m8[38;2;61;62;196m8[38;2;63;65;206m8[38;2;63;57;195m8[38;2;61;41;178m8[38;2;91;41;189m8[38;2;156;61;225m8[38;2;135;52;192m8[38;2;146;72;198mx[38;2;145;107;177m.         [0m
[0;1m                  [38;2;12;12;12m.[38;2;188;69;155m+[38;2;253;56;192mx[38;2;237;61;173m@[38;2;253;65;183m@[38;2;246;61;176m@[38;2;241;58;175m@[38;2;247;51;183m#[38;2;207;21;163m8[38;2;226;21;183mx[38;2;225;21;179mx[38;2;176;14;142m8[38;2;200;25;154m8[38;2;233;37;173m8[38;2;240;44;180m#[38;2;240;44;179m#[38;2;231;41;173m#[38;2;240;36;182m8[38;2;223;22;175m8[38;2;166;11;137m8[38;2;222;19;192mx[38;2;172;11;154m8[38;2;192;14;165m8[38;2;202;19;164m8[38;2;212;21;170m8[38;2;221;20;180m8[38;2;206;19;166m8[38;2;181;15;151m8[38;2;176;13;154m8[38;2;172;13;148m8[38;2;231;20;196mx[38;2;215;18;184mx[38;2;183;14;158mx[38;2;200;17;173m+[38;2;190;16;165m+[38;2;186;17;157m=[38;2;210;23;167mx[38;2;196;40;142m8[38;2;247;66;167m#[38;2;254;76;171m@[38;2;251;76;165m@[38;2;250;74;163m@[38;2;252;70;165m@[38;2;250;61;161m#[38;2;247;57;159m8[38;2;229;47;152m8[38;2;198;33;132m8[38;2;198;43;130m8[38;2;217;62;141m8[38;2;246;82;162m8[38;2;243;96;155m@[38;2;255;117;164m@[38;2;255;121;171m@[38;2;251;110;165m@[38;2;237;95;155m@[38;2;246;89;164m#[38;2;244;81;180m#[38;2;239;80;191m@[38;2;248;80;207m@[38;2;237;68;204m@[38;2;193;40;167m8[38;2;220;60;199m8[38;2;242;79;238m#[38;2;237;78;244m#[38;2;232;70;249m#[38;2;208;56;239m@[38;2;192;50;238m@[38;2;178;41;237m@[38;2;153;32;246m8[38;2;93;15;196m8[38;2;72;10;176m8[38;2;56;9;154m8[38;2;62;15;175m+[38;2;54;14;160m:[38;2;35;17;159m:[38;2;34;14;175m+[38;2;34;23;186m+[38;2;34;32;192m=[38;2;36;39;201mx[38;2;53;54;227m=[38;2;46;51;227m*[38;2;41;49;224m+[38;2;55;60;207mx[38;2;52;60;209mx[38;2;46;55;206mx[38;2;49;55;210mx[38;2;45;47;160m8[38;2;48;55;221mx[38;2;48;52;224mx[38;2;46;42;205mx[38;2;87;41;182m8[38;2;110;49;183m8[38;2;114;57;165m*         [0m
[0;1m                [38;2;12;12;12m.[38;2;197;138;174m=[38;2;189;101;155mx[38;2;233;77;170m=[38;2;198;53;133m8[38;2;247;74;170m@[38;2;255;77;176m@[38;2;248;71;169m@[38;2;247;70;169m@[38;2;240;61;165m@[38;2;212;34;151m8[38;2;209;30;157mx[38;2;212;31;159mx[38;2;182;23;135m8[38;2;210;35;148m8[38;2;246;53;170m8[38;2;232;52;159m@[38;2;252;54;173m#[38;2;252;55;174m#[38;2;248;50;173m#[38;2;235;38;167m#[38;2;214;22;156m8[38;2;163;17;122m8[38;2;234;19;188mx[38;2;189;16;149m8[38;2;200;19;150m8[38;2;219;25;161m8[38;2;244;34;180m8[38;2;246;36;178m8[38;2;234;32;167m8[38;2;240;30;173m8[38;2;230;27;168m8[38;2;213;29;156m8[38;2;207;26;154m8[38;2;202;21;152m8[38;2;165;21;124m8[38;2;209;24;159mx[38;2;202;18;158mx[38;2;201;23;151mx[38;2;212;36;148mx[38;2;218;56;148m#[38;2;249;71;167m@[38;2;243;69;159m@[38;2;241;67;156m@[38;2;244;64;159m@[38;2;236;58;155m#[38;2;206;42;137m8[38;2;226;25;158mx[38;2;204;20;145m=[38;2;210;33;153m=[38;2;234;43;172m=[38;2;212;37;153mx[38;2;222;73;156m8[38;2;254;107;178m@[38;2;255;104;179m@[38;2;255;99;178m@[38;2;254;103;183m@[38;2;240;94;181m@[38;2;235;65;192m8[38;2;233;70;205m#[38;2;236;73;216m@[38;2;237;67;227m@[38;2;250;78;246m#[38;2;235;74;238m@[38;2;200;48;226m@[38;2;166;32;205m8[38;2;167;44;227m8[38;2;175;56;254m#[38;2;163;52;249m@[38;2;157;54;252m@[38;2;128;43;233m@[38;2;91;22;199m8[38;2;69;14;174m8[38;2;82;18;235mx[38;2;62;15;202m=[38;2;53;16;183m*[38;2;29;11;133m:[38;2;29;13;149m*[38;2;30;23;179m*[38;2;29;23;175m+[38;2;33;22;192m+[38;2;28;17;168m. [38;2;16;9;86m.[38;2;18;14;136m:[38;2;26;21;168m+[38;2;30;25;210m+[38;2;28;21;205m+[38;2;33;20;176m=[38;2;32;25;180m+[38;2;33;22;193m*[38;2;45;24;151m*[38;2;123;38;217mx[38;2;113;42;179m8[38;2;133;72;186m*         [0m
[0;1m                 [38;2;227;126;166m+[38;2;226;101;153mx[38;2;194;65;121m8[38;2;249;82;155m@[38;2;255;88;162m@[38;2;255;89;165m@[38;2;244;74;153m@[38;2;244;72;152m@[38;2;240;68;150m@[38;2;237;56;152m8[38;2;189;45;124m8[38;2;238;53;156mx[38;2;205;34;139mx[38;2;199;35;130mx[38;2;212;50;135m8[38;2;230;66;149m@[38;2;242;69;156m@[38;2;245;69;155m@[38;2;241;65;151m@[38;2;249;61;158m#[38;2;231;51;148m#[38;2;208;41;134m8[38;2;215;31;148mx[38;2;232;37;167mx[38;2;214;32;149mx[38;2;172;26;121m8[38;2;213;34;153m8[38;2;241;45;167m8[38;2;240;44;163m8[38;2;233;41;158m#[38;2;240;41;163m8[38;2;220;39;148m8[38;2;219;40;146m8[38;2;233;45;155m8[38;2;225;47;148m8[38;2;220;44;144m8[38;2;214;37;143m8[38;2;194;36;129m8[38;2;171;37;113m8[38;2;165;29;107m8[38;2;231;53;148m8[38;2;230;63;146m#[38;2;245;71;156m#[38;2;236;64;152m@[38;2;217;44;141m8[38;2;223;39;152mx[38;2;182;23;142m+[38;2;202;20;157m*[38;2;195;21;150m+[38;2;200;25;155m=[38;2;223;29;177m=[38;2;152;26;115m8[38;2;213;68;161m8[38;2;241;88;193m#[38;2;247;86;200m#[38;2;242;84;198m@[38;2;249;84;212m@[38;2;246;74;230m#[38;2;208;52;205m8[38;2;170;33;176m8[38;2;160;29;180m8[38;2;172;35;195m8[38;2;198;49;235m8[38;2;184;53;246m#[38;2;161;46;236m@[38;2;156;49;242m@[38;2;149;52;246m@[38;2;137;50;244m@[38;2;134;51;247m@[38;2;122;47;239m@[38;2;110;38;239m8[38;2;85;27;205m8[38;2;63;20;176m8[38;2;80;26;224mx[38;2;70;24;225m=[38;2;47;17;189m*[38;2;38;12;157m.[38;2;25;8;90m.     [38;2;26;7;78m.[38;2;33;20;161m*[38;2;36;21;185m*[38;2;29;11;143m*[38;2;44;16;175m*[38;2;32;13;111m:[38;2;97;19;138m:[38;2;100;18;145mx[38;2;118;23;173m8[38;2;115;34;163m8[38;2;137;102;158mx[38;2;190;152;211m*        [0m
[0;1m               [38;2;186;140;157m=[38;2;219;130;161m=[38;2;227;109;148mx[38;2;215;91;130m8[38;2;250;101;148m#[38;2;253;101;147m@[38;2;250;103;147m@[38;2;255;107;156m@[38;2;240;93;143m@[38;2;246;93;147m@[38;2;249;90;150m@[38;2;248;71;149m8[38;2;188;52;113m8[38;2;242;70;149mx[38;2;230;58;144mx[38;2;220;58;134mx[38;2;195;59;117m8[38;2;250;80;150m8[38;2;251;79;146m#[38;2;236;75;137m@[38;2;239;76;140m@[38;2;239;76;142m@[38;2;252;74;149m#[38;2;235;68;140m#[38;2;235;58;141m8[38;2;210;45;130m8[38;2;169;37;107m8[38;2;212;41;138mx[38;2;235;35;160mx[38;2;202;39;138m8[38;2;226;51;150m8[38;2;232;50;152m#[38;2;235;51;152m#[38;2;231;55;148m#[38;2;236;60;153m#[38;2;239;60;156m#[38;2;248;61;158m8[38;2;233;60;150m#[38;2;242;65;159m#[38;2;240;60;156m#[38;2;245;62;156m8[38;2;222;46;139m8[38;2;174;30;107m8[38;2;174;40;107m8[38;2;199;51;126m8[38;2;232;58;151m8[38;2;213;50;139m8[38;2;180;38;119m8[38;2;217;31;161mx[38;2;221;32;166m=[38;2;187;28;144m=[38;2;184;27;144m+[38;2;183;20;146m*[38;2;142;21;121m*[38;2;192;34;173m*[38;2;204;36;184m=[38;2;203;39;190mx[38;2;187;42;172m8[38;2;226;56;213m8[38;2;234;58;240m8[38;2;226;54;245m8[38;2;204;55;238m#[38;2;186;58;241m#[38;2;175;52;233m#[38;2;168;49;235m#[38;2;141;34;221m8[38;2;122;30;205m8[38;2;129;42;227m8[38;2;125;49;233m#[38;2;126;51;247m#[38;2;123;55;243m@[38;2;119;54;248m@[38;2;112;50;243m@[38;2;104;46;236m@[38;2;98;43;236m#[38;2;82;30;207m8[38;2;61;21;167m8[38;2;51;16;174mx[38;2;41;14;144m*[38;2;44;15;160m:[38;2;30;10;111m:[38;2;33;7;101m.[38;2;40;8;99m.[38;2;40;6;95m.[38;2;61;11;183m.[38;2;61;14;166m:[38;2;43;19;169m*[38;2;34;18;145m*[38;2;48;15;131m:[38;2;60;18;168m*[38;2;121;20;156m:[38;2;133;25;167mx[38;2;203;40;249m#[38;2;157;32;200m8[38;2;151;44;193mx[38;2;148;84;163m:         [0m
[0;1m              [38;2;161;108;118m*[38;2;233;128;151m=[38;2;214;88;118m+[38;2;212;95;120m8[38;2;244;115;139m#[38;2;247;119;140m@[38;2;255;116;140m@[38;2;251;109;134m@[38;2;251;108;137m@[38;2;249;101;135m#[38;2;242;99;132m@[38;2;250;104;139m@[38;2;243;93;139m#[38;2;225;80;127m8[38;2;199;65;111m8[38;2;226;61;131mx[38;2;205;54;115m=[38;2;203;66;113mx[38;2;219;79;125m8[38;2;251;98;142m#[38;2;242;95;134m@[38;2;249;97;136m@[38;2;255;101;140m@[38;2;247;90;134m@[38;2;236;87;131m@[38;2;231;77;128m#[38;2;231;68;132m8[38;2;197;55;113m8[38;2;240;61;142mx[38;2;213;46;135mx[38;2;206;42;130mx[38;2;185;48;120m8[38;2;227;59;147m8[38;2;248;60;156m8[38;2;244;62;151m8[38;2;229;61;140m#[38;2;254;70;156m8[38;2;244;71;147m8[38;2;230;68;139m#[38;2;245;74;150m#[38;2;252;74;154m#[38;2;247;74;150m#[38;2;243;69;148m#[38;2;223;56;134m8[38;2;181;48;109m8[38;2;227;58;140mx[38;2;227;49;146mx[38;2;167;38;108m8[38;2;202;50;129m8[38;2;221;52;148m8[38;2;217;50;148m8[38;2;219;53;152m8[38;2;212;48;148m8[38;2;183;28;128m8[38;2;185;31;138mx[38;2;187;33;151m+[38;2;168;24;137m*[38;2;147;18;126m*[38;2;156;18;148m*[38;2;190;22;193m*[38;2;196;22;208m=[38;2;153;23;176m8[38;2;171;33;211m8[38;2;168;41;229m8[38;2;157;41;227m8[38;2;167;52;245m8[38;2;151;53;243m#[38;2;144;53;246m#[38;2;135;52;237m#[38;2;130;54;241m8[38;2;112;46;226m8[38;2;121;54;245m8[38;2;116;50;252m8[38;2;104;41;234m#[38;2;103;42;233m#[38;2;98;43;228m#[38;2;102;43;238m8[38;2;78;28;196m8[38;2;71;18;209mx[38;2;62;15;170m+[38;2;53;15;150m*[38;2;44;12;130m*[38;2;50;10;142m*[38;2;59;11;138m*[38;2;82;14;194m:[38;2;54;9;160m+[38;2;72;16;184m*[38;2;70;18;155m:[38;2;61;14;119m:[38;2;57;10;122m*[38;2;105;15;153m*[38;2;174;23;203mx[38;2;191;29;222m8[38;2;213;43;245m8[38;2;182;42;209mx[38;2;132;58;148m+          [0m
[0;1m             [38;2;247;170;153m:[38;2;206;120;115mx[38;2;228;112;106mx[38;2;219;114;99m8[38;2;247;133;117m#[38;2;244;134;116m@[38;2;247;135;117m@[38;2;249;130;116m@[38;2;232;118;107m@[38;2;242;121;115m#[38;2;224;106;105m8[38;2;248;119;115m8[38;2;237;116;110m@[38;2;234;111;111m@[38;2;235;108;110m#[38;2;246;110;116m8[38;2;224;89;105m8[38;2;162;62;77m8[38;2;201;82;98mx[38;2;224;93;113mx[38;2;210;89;104m8[38;2;240;105;113m8[38;2;229;109;107m@[38;2;253;129;123m@[38;2;247;117;115m@[38;2;241;117;114m@[38;2;231;107;110m@[38;2;243;105;119m#[38;2;235;93;114m8[38;2;216;77;106m8[38;2;210;67;108m8[38;2;188;56;101m8[38;2;224;68;126mx[38;2;166;44;97m8[38;2;167;43;97m8[38;2;236;67;135mx[38;2;179;53;106m8[38;2;209;58;124m8[38;2;209;62;122m8[38;2;211;64;123m8[38;2;223;61;130m8[38;2;240;69;138m8[38;2;229;69;131m8[38;2;230;74;134m#[38;2;244;73;142m#[38;2;254;77;145m8[38;2;248;76;143m8[38;2;245;73;145m8[38;2;199;53;118m8[38;2;234;54;141mx[38;2;203;34;136mx[38;2;213;34;149mx[38;2;252;53;179mx[38;2;200;45;143m8[38;2;216;43;156m8[38;2;235;55;173m8[38;2;247;62;188m8[38;2;237;53;189m8[38;2;198;38;158m8[38;2;253;48;206mx[38;2;222;39;187mx[38;2;187;23;174m=[38;2;168;19;165m=[38;2;169;20;172m=[38;2;200;26;218m*[38;2;142;19;168m=[38;2;130;22;165mx[38;2;158;38;229mx[38;2;132;38;200m8[38;2;129;39;206m8[38;2;118;39;207m8[38;2;124;42;224m8[38;2;125;43;235m8[38;2;117;39;232m8[38;2;101;24;207m8[38;2;94;20;199m8[38;2;91;21;194m8[38;2;86;17;181m8[38;2;79;15;161m8[38;2;102;17;210mx[38;2;109;16;202mx[38;2;115;16;206m=[38;2;101;13;182m=[38;2;96;11;176m=[38;2;103;12;172m=[38;2;120;17;181m*[38;2;129;16;171m*[38;2;155;17;188m=[38;2;164;18;191m=[38;2;159;18;183mx[38;2;204;25;232mx[38;2;188;27;207m8[38;2;201;34;220m8[38;2;225;54;245mx[38;2;175;80;183m*[38;2;155;62;165m:[38;2;133;68;140m:          [0m
[0;1m            [38;2;225;177;161m=[38;2;229;147;115m=[38;2;195;116;81m8[38;2;253;153;99m8[38;2;250;150;92m@[38;2;255;156;91m@[38;2;250;155;91m@[38;2;243;154;92m@[38;2;239;145;88m@[38;2;236;134;86m8[38;2;217;119;81m8[38;2;189;98;68m8[38;2;234;127;86m8[38;2;251;142;95m#[38;2;236;132;90m@[38;2;251;140;97m#[38;2;237;134;95m@[38;2;241;130;98m#[38;2;210;105;83m8[38;2;245;123;98mx[38;2;213;102;88m=[38;2;215;104;91m=[38;2;178;91;70m8[38;2;233;125;90m8[38;2;239;132;92m@[38;2;247;133;94m@[38;2;242;135;94m@[38;2;240;134;96m@[38;2;245;130;98m@[38;2;251;127;98m#[38;2;242;117;95m#[38;2;237;110;99m#[38;2;224;93;94m8[38;2;202;81;91m8[38;2;208;74;95m8[38;2;187;65;92m8[38;2;213;77;107mx[38;2;228;77;121m=[38;2;197;55;112mx[38;2;238;72;134m=[38;2;210;64;120mx[38;2;232;63;136mx[38;2;169;45;95m8[38;2;171;50;94m8[38;2;198;57;108m8[38;2;230;67;127m8[38;2;245;79;134m8[38;2;240;79;133m#[38;2;251;78;143m#[38;2;238;67;133m#[38;2;242;73;139m8[38;2;216;56;131m8[38;2;179;42;111m8[38;2;230;47;149mx[38;2;208;34;143mx[38;2;220;23;163m=[38;2;234;27;180m+[38;2;199;31;154mx[38;2;181;27;141m8[38;2;211;37;168m8[38;2;245;53;197m8[38;2;246;58;203m#[38;2;240;51;209m#[38;2;241;45;215m8[38;2;230;40;208m8[38;2;215;30;204m8[38;2;231;26;225mx[38;2;209;24;211m=[38;2;184;21;189m*[38;2;142;13;146m:[38;2;133;15;163m:[38;2;110;13;151m*[38;2;114;10;169m*[38;2;118;16;192mx[38;2;102;13;177m8[38;2;104;13;173m8[38;2;110;13;175m8[38;2;115;13;176m8[38;2;161;17;227mx[38;2;148;14;206mx[38;2;140;12;192mx[38;2;152;16;208mx[38;2;158;18;198mx[38;2;163;18;204mx[38;2;170;16;226mx[38;2;180;15;231mx[38;2;167;16;197mx[38;2;168;17;191m8[38;2;228;31;237m8[38;2;235;34;244m8[38;2;242;39;251m8[38;2;230;40;237m#[38;2;185;35;194m8[38;2;172;94;177m+[38;2;12;12;12m.             [0m
[0;1m          [38;2;12;12;12m.[38;2;229;172;137m=[38;2;232;157;110m=[38;2;251;166;92m=[38;2;194;126;68m8[38;2;249;165;86m#[38;2;255;173;90m@[38;2;255;172;88m@[38;2;249;167;82m@[38;2;240;159;77m@[38;2;238;152;80m#[38;2;221;132;70m8[38;2;229;134;74m8[38;2;227;135;80m8[38;2;247;152;87m8[38;2;244;153;84m#[38;2;254;156;84m8[38;2;241;147;82m8[38;2;232;141;79m#[38;2;239;141;81m#[38;2;231;130;79m8[38;2;204;112;70m8[38;2;215;114;77mx[38;2;239;120;91m+[38;2;240;131;89m+[38;2;183;107;68m8[38;2;238;142;89m#[38;2;237;139;86m@[38;2;236;143;86m@[38;2;237;140;80m@[38;2;241;135;84m@[38;2;238;132;81m@[38;2;241;133;84m@[38;2;247;138;93m@[38;2;237;121;88m#[38;2;204;94;76m8[38;2;208;85;77m8[38;2;199;78;81m8[38;2;178;74;75m8[38;2;169;70;76m8[38;2;159;57;78m8[38;2;207;73;107mx[38;2;243;82;128m=[38;2;229;63;121m=[38;2;198;55;108mx[38;2;223;68;124m=[38;2;198;56;113mx[38;2;238;63;130mx[38;2;184;55;99m8[38;2;215;70;120m8[38;2;232;77;137m#[38;2;239;77;140m#[38;2;250;78;142m8[38;2;240;68;138m8[38;2;225;64;134m8[38;2;217;59;129m8[38;2;205;49;124m8[38;2;179;31;117m8[38;2;206;31;144mx[38;2;210;33;156mx[38;2;216;21;167mx[38;2;216;21;169m=[38;2;200;28;156mx[38;2;175;28;139m8[38;2;236;45;204m8[38;2;249;57;225m#[38;2;236;52;217m@[38;2;244;47;233m#[38;2;246;39;236m8[38;2;236;41;232m8[38;2;188;24;190m8[38;2;202;16;207mx[38;2;193;17;203m=[38;2;162;15;177m+[38;2;126;13;132m*[38;2;110;13;124m*[38;2;108;13;138m*[38;2;100;14;124m*[38;2;109;13;132m*[38;2;124;13;148m*[38;2;126;14;136m*[38;2;131;14;137m*[38;2;152;15;164m*[38;2;149;14;160m*[38;2;123;13;128m*[38;2;174;20;180m:[38;2;151;15;159m*[38;2;218;18;225m=[38;2;161;18;162m8[38;2;234;32;238m#[38;2;237;43;238m@[38;2;219;33;224m8[38;2;159;24;162m8[38;2;212;58;203m=[38;2;138;61;138m*               [0m
[0;1m          [38;2;12;12;12m.[38;2;225;180;135m=[38;2;245;171;97m=[38;2;239;166;77mx[38;2;239;171;82m8[38;2;254;183;82m#[38;2;250;181;84m@[38;2;245;181;86m@[38;2;247;181;84m#[38;2;247;176;79m8[38;2;210;147;70m8[38;2;202;142;66m8[38;2;250;179;86m8[38;2;245;173;88m8[38;2;248;178;89m8[38;2;231;168;79m#[38;2;231;159;71m8[38;2;242;162;77m8[38;2;249;170;80m#[38;2;240;163;79m@[38;2;244;156;75m#[38;2;239;151;73m#[38;2;233;145;76m8[38;2;238;135;82mx[38;2;233;140;79m=[38;2;210;132;73mx[38;2;185;116;67m8[38;2;249;162;87m8[38;2;247;163;82m#[38;2;244;165;84m@[38;2;247;161;84m@[38;2;241;153;78m@[38;2;244;155;78m@[38;2;255;161;83m@[38;2;247;147;84m@[38;2;241;141;88m@[38;2;247;140;92m@[38;2;245;127;91m#[38;2;238;119;87m8[38;2;229;107;86m8[38;2;228;94;92m8[38;2;204;82;86m8[38;2;191;76;86m8[38;2;183;67;89m8[38;2;175;59;87m8[38;2;229;76;115mx[38;2;217;61;118mx[38;2;208;56;117mx[38;2;235;70;131m=[38;2;240;68;138m=[38;2;221;52;131mx[38;2;235;60;135mx[38;2;206;61;122m8[38;2;242;70;152m8[38;2;238;60;145m8[38;2;236;64;146m#[38;2;247;67;155m#[38;2;234;52;147m#[38;2;227;47;147m8[38;2;232;47;156m8[38;2;228;32;162m8[38;2;199;30;138m8[38;2;188;31;135m8[38;2;180;29;135m8[38;2;217;23;172mx[38;2;219;24;182mx[38;2;197;30;174m8[38;2;241;45;226m#[38;2;250;46;235m#[38;2;242;48;229m@[38;2;249;51;241m@[38;2;249;55;245m@[38;2;245;50;244m@[38;2;234;41;237m@[38;2;227;34;232m#[38;2;239;37;243m8[38;2;208;23;215m8[38;2;186;16;191m8[38;2;183;15;185m8[38;2;183;15;183m8[38;2;188;20;186m8[38;2;166;16;164m8[38;2;163;14;162m8[38;2;204;20;203m8[38;2;218;29;213m8[38;2;251;42;243m8[38;2;253;46;244m@[38;2;253;44;244m@[38;2;234;38;225m@[38;2;238;34;230m8[38;2;174;31;162mx[38;2;197;92;183m*[38;2;189;126;182m*[38;2;199;112;196m*                [0m
[0;1m         [38;2;12;12;12m.[38;2;208;164;104m=[38;2;211;155;86mx[38;2;177;122;58m8[38;2;240;176;77m8[38;2;235;172;78m#[38;2;236;174;78m#[38;2;233;169;74m#[38;2;234;172;74m8[38;2;199;146;66m8[38;2;219;159;78mx[38;2;178;130;61m8[38;2;225;167;78m8[38;2;249;183;86m8[38;2;214;155;76m8[38;2;188;135;61m8[38;2;187;136;56m8[38;2;223;164;74m8[38;2;246;181;86m8[38;2;242;178;81m#[38;2;244;175;75m#[38;2;244;164;73m8[38;2;230;156;68m#[38;2;248;171;74m8[38;2;205;132;65m8[38;2;250;160;76mx[38;2;216;138;64mx[38;2;238;151;75m=[38;2;222;145;72mx[38;2;221;150;71m8[38;2;242;162;73m#[38;2;254;171;82m#[38;2;243;164;78m#[38;2;248;169;81m#[38;2;248;172;85m@[38;2;241;157;79m@[38;2;254;159;79m#[38;2;242;148;76m@[38;2;253;141;81m#[38;2;249;136;78m#[38;2;249;134;82m#[38;2;244;125;89m#[38;2;250;120;90m8[38;2;242;109;89m8[38;2;230;97;95m8[38;2;224;92;95m8[38;2;200;80;85m8[38;2;185;66;87m8[38;2;171;53;85m8[38;2;219;68;110mx[38;2;209;60;110mx[38;2;211;53;120mx[38;2;216;46;127m=[38;2;203;45;125m=[38;2;223;44;142m=[38;2;208;45;131mx[38;2;186;47;115m8[38;2;222;59;137m8[38;2;235;60;148m8[38;2;238;62;154m8[38;2;238;64;156m#[38;2;232;51;151m#[38;2;236;49;152m8[38;2;240;54;155m8[38;2;239;55;159m8[38;2;215;39;151m8[38;2;213;37;157m8[38;2;215;35;164m8[38;2;201;22;157m8[38;2;190;25;152m8[38;2;200;30;162m8[38;2;227;39;193m8[38;2;239;48;210m#[38;2;248;48;222m#[38;2;250;45;229m#[38;2;254;53;242m#[38;2;236;49;226m@[38;2;247;43;240m#[38;2;242;30;233m#[38;2;237;29;227m#[38;2;234;31;223m#[38;2;237;32;230m#[38;2;237;34;227m#[38;2;244;44;227m#[38;2;246;51;226m@[38;2;245;57;215m@[38;2;250;64;212m@[38;2;255;71;213m@[38;2;254;67;214m@[38;2;233;61;190m8[38;2;192;45;146m=[38;2;179;94;156mx                   [0m
[0;1m        [38;2;248;195;133m:[38;2;218;163;106m+[38;2;217;157;78m=[38;2;173;124;57m8[38;2;231;167;79m8[38;2;237;176;83m#[38;2;243;184;86m8[38;2;216;159;66m8[38;2;207;153;70m8[38;2;185;139;63m8[38;2;219;164;78mx[38;2;242;180;93m=[38;2;207;159;76m8[38;2;204;153;72m8[38;2;203;152;69m8[38;2;225;164;82mx[38;2;214;164;80mx[38;2;184;145;68m8[38;2;222;168;79m8[38;2;233;177;82m8[38;2;251;194;90m8[38;2;239;187;89m#[38;2;243;183;90m8[38;2;249;188;90m8[38;2;253;192;89m8[38;2;239;169;78m8[38;2;213;147;66m8[38;2;189;131;59m8[38;2;250;175;85mx[38;2;213;139;67mx[38;2;164;114;52m8[38;2;222;151;65m8[38;2;232;158;70m#[38;2;231;162;70m#[38;2;239;172;77m#[38;2;238;174;81m@[38;2;247;172;81m#[38;2;244;170;79m#[38;2;245;167;81m@[38;2;243;148;72m@[38;2;253;155;77m#[38;2;252;151;79m#[38;2;233;126;74m@[38;2;243;124;79m#[38;2;243;124;86m#[38;2;247;125;97m#[38;2;251;117;99m#[38;2;242;110;95m#[38;2;234;100;99m#[38;2;238;99;110m8[38;2;209;85;95m8[38;2;198;75;93m8[38;2;204;69;102m8[38;2;168;52;89m8[38;2;215;64;118mx[38;2;192;43;114mx[38;2;221;49;134m=[38;2;225;50;140m=[38;2;229;49;146m=[38;2;227;43;148m=[38;2;218;43;141mx[38;2;186;46;119m8[38;2;211;47;137m8[38;2;228;49;145m8[38;2;249;60;159m8[38;2;242;61;156m#[38;2;237;52;158m#[38;2;237;52;163m#[38;2;236;54;168m#[38;2;230;45;172m#[38;2;250;49;190m8[38;2;244;53;186m#[38;2;244;57;196m#[38;2;244;62;203m#[38;2;244;59;203m#[38;2;238;50;200m#[38;2;249;52;215m8[38;2;243;48;210m8[38;2;233;37;208m8[38;2;212;24;182m8[38;2;215;26;175m8[38;2;229;33;182m8[38;2;238;38;193m8[38;2;248;50;203m8[38;2;239;67;188m@[38;2;255;79;197m@[38;2;255;81;188m@[38;2;255;87;183m@[38;2;255;94;184m@[38;2;255;93;183m@[38;2;238;85;167m@[38;2;197;62;127m8[38;2;205;79;140mx[38;2;180;111;144m=                  [0m
[0;1m      [38;2;189;153;125m:[38;2;195;165;138mx[38;2;234;177;114m=[38;2;236;163;71mx[38;2;204;148;65m8[38;2;224;167;75m8[38;2;222;166;76m8[38;2;211;159;73m8[38;2;178;137;63m8[38;2;217;166;81mx[38;2;242;186;91m=[38;2;241;193;91m=[38;2;208;165;83mx[38;2;222;171;90mx[38;2;244;189;91mx[38;2;252;199;94m=[38;2;198;154;76mx[38;2;208;160;83m=[38;2;251;203;100m=[38;2;181;149;72m8[38;2;208;166;83m8[38;2;222;177;90m8[38;2;241;195;99m8[38;2;248;203;104m8[38;2;228;178;93m8[38;2;245;194;96m8[38;2;241;193;95m#[38;2;237;186;93m#[38;2;254;197;98m8[38;2;252;196;97m8[38;2;250;195;96m8[38;2;215;158;77m8[38;2;234;171;76mx[38;2;222;158;72mx[38;2;186;133;58m8[38;2;198;146;63m8[38;2;226;170;76m8[38;2;240;183;84m#[38;2;245;183;84m#[38;2;245;182;82m#[38;2;244;181;79m@[38;2;239;164;74m@[38;2;245;166;73m#[38;2;240;158;70m#[38;2;249;152;75m8[38;2;233;134;70m8[38;2;243;136;74m8[38;2;246;136;82m#[38;2;236;123;79m@[38;2;252;130;88m#[38;2;241;127;94m@[38;2;238;117;95m@[38;2;231;109;89m@[38;2;229;105;92m@[38;2;230;104;101m@[38;2;248;109;115m8[38;2;229;94;104m8[38;2;222;81;109m8[38;2;208;73;107m8[38;2;208;72;107m8[38;2;207;67;108m8[38;2;197;54;110m8[38;2;165;42;97m8[38;2;160;39;100m8[38;2;161;29;109m8[38;2;214;37;146mx[38;2;214;36;149mx[38;2;215;36;157mx[38;2;210;30;165mx[38;2;217;32;169mx[38;2;228;34;181mx[38;2;165;20;139m8[38;2;222;26;188mx[38;2;228;34;187mx[38;2;164;22;132m8[38;2;170;25;133m8[38;2;169;28;134m8[38;2;164;27;132m8[38;2;162;27;121m8[38;2;188;40;137m8[38;2;225;56;160m8[38;2;251;71;174m8[38;2;244;76;163m#[38;2;237;80;153m@[38;2;250;84;160m@[38;2;249;87;160m@[38;2;250;97;157m@[38;2;255;107;154m@[38;2;255;113;147m@[38;2;255;119;145m@[38;2;255;124;147m@[38;2;255;121;141m@[38;2;249;121;136m@[38;2;246;116;133m#[38;2;188;84;99m8[38;2;172;89;99mx[38;2;224;136;142m:[38;2;195;140;146m:                [0m
[0;1m     [38;2;216;180;153m*[38;2;181;144;112m=[38;2;190;148;105m=[38;2;213;154;81m=[38;2;191;137;63m8[38;2;184;134;58m8[38;2;233;171;74mx[38;2;242;181;84m=[38;2;254;198;92m=[38;2;221;177;80m=[38;2;242;189;96m+[38;2;245;194;92m=[38;2;240;195;90m=[38;2;219;178;84m=[38;2;238;188;93m+[38;2;224;179;88m=[38;2;237;193;95m+[38;2;216;172;92m=[38;2;225;178;97m=[38;2;252;210;109m=[38;2;226;192;99mx[38;2;213;171;93mx[38;2;208;173;94mx[38;2;174;146;76m8[38;2;200;162;80m8[38;2;196;156;88m8[38;2;215;175;96m8[38;2;231;192;98m8[38;2;238;191;99m8[38;2;240;191;97m8[38;2;248;200;101m8[38;2;242;196;103m#[38;2;234;183;98m#[38;2;231;178;85m8[38;2;209;157;74m8[38;2;248;184;93mx[38;2;228;171;79m=[38;2;249;186;86m=[38;2;198;146;72m8[38;2;231;175;80m8[38;2;242;188;87m8[38;2;252;199;94m#[38;2;250;182;87m#[38;2;243;176;79m#[38;2;244;176;78m#[38;2;243;165;78m#[38;2;250;156;75m8[38;2;246;152;74m8[38;2;242;146;79m8[38;2;250;144;86m8[38;2;239;138;84m8[38;2;244;140;88m#[38;2;244;128;88m@[38;2;244;128;91m@[38;2;246;129;96m@[38;2;248;128;99m@[38;2;244;114;95m#[38;2;237;112;96m#[38;2;240;109;107m#[38;2;231;95;99m#[38;2;238;100;105m#[38;2;243;106;114m#[38;2;236;101;118m#[38;2;233;92;118m8[38;2;233;91;125m8[38;2;222;76;125m8[38;2;202;62;110m8[38;2;204;63;113m8[38;2;207;63;119m8[38;2;187;48;117m8[38;2;175;45;112m8[38;2;179;46;117m8[38;2;187;40;128m8[38;2;181;39;121m8[38;2;182;44;118m8[38;2;199;50;125m8[38;2;213;64;132m8[38;2;215;72;133m8[38;2;216;76;131m8[38;2;226;80;131m8[38;2;251;96;144m8[38;2;237;96;135m@[38;2;246;102;139m@[38;2;247;107;136m@[38;2;247;112;131m@[38;2;252;111;130m@[38;2;252;118;130m@[38;2;249;126;125m@[38;2;254;131;118m@[38;2;249;128;105m@[38;2;252;135;103m@[38;2;255;145;109m@[38;2;255;148;112m@[38;2;255;148;104m@[38;2;255;152;109m@[38;2;254;150;110m@[38;2;208;120;88m8[38;2;240;136;106m=[38;2;231;142;127m+[38;2;190;143;134m:               [0m
[0;1m    [38;2;184;155;138m=[38;2;188;152;131m=[38;2;220;140;73m*[38;2;220;155;59m+[38;2;214;157;68m=[38;2;250;186;83m+[38;2;235;185;82m+[38;2;226;180;82m+[38;2;228;176;85m+[38;2;245;192;90m+[38;2;243;198;92m+[38;2;224;176;84m+[38;2;227;179;81m+[38;2;240;196;88m+[38;2;221;179;82m+[38;2;236;185;89m*[38;2;236;189;94m+[38;2;236;195;102m+[38;2;213;170;97m=[38;2;240;188;110m+[38;2;217;178;96m=[38;2;227;191;102m=[38;2;231;190;114m=[38;2;224;191;110mx[38;2;239;206;115mx[38;2;242;198;106mx[38;2;225;180;101m=[38;2;235;193;105m=[38;2;184;152;84m8[38;2;208;166;94m8[38;2;217;174;94m8[38;2;231;188;101m8[38;2;248;203;113m8[38;2;249;197;110m8[38;2;237;188;100m8[38;2;227;179;95m8[38;2;226;173;92m8[38;2;195;148;72m8[38;2;232;174;81mx[38;2;237;177;87m=[38;2;223;171;86mx[38;2;183;142;69m8[38;2;224;174;88m8[38;2;242;186;102m8[38;2;245;187;94m8[38;2;237;181;88m#[38;2;246;183;95m#[38;2;235;161;84m#[38;2;251;165;85m8[38;2;246;152;81m8[38;2;246;146;88m8[38;2;229;134;80m8[38;2;252;147;95m8[38;2;253;135;94m#[38;2;248;133;94m#[38;2;254;138;102m#[38;2;250;135;107m@[38;2;246;125;104m@[38;2;237;120;102m@[38;2;246;118;109m#[38;2;240;111;105m#[38;2;250;116;110m#[38;2;240;110;108m@[38;2;236;104;112m@[38;2;246;109;123m#[38;2;244;107;124m#[38;2;233;91;123m#[38;2;239;91;124m8[38;2;247;93;128m8[38;2;234;86;123m#[38;2;243;85;134m8[38;2;235;81;133m8[38;2;226;72;130m8[38;2;210;56;122m8[38;2;210;66;122m8[38;2;228;79;128m8[38;2;240;86;133m8[38;2;239;91;134m8[38;2;231;93;129m8[38;2;229;97;127m8[38;2;238;106;129m#[38;2;237;109;125m@[38;2;249;119;132m@[38;2;252;120;132m@[38;2;251;123;126m@[38;2;247;126;117m@[38;2;246;125;111m@[38;2;238;127;109m@[38;2;252;138;107m#[38;2;247;139;100m@[38;2;239;137;94m@[38;2;239;139;90m@[38;2;250;147;91m@[38;2;247;146;92m@[38;2;246;151;89m@[38;2;255;158;88m@[38;2;255;162;91m@[38;2;250;160;94m#[38;2;207;129;78m8[38;2;225;131;83m=[38;2;194;133;102m:               [0m
[0;1m  [38;2;191;162;145m:[38;2;181;149;130mx[38;2;205;157;129m=[38;2;216;134;93m*[38;2;158;87;46m*[38;2;168;112;45m*[38;2;185;134;52m*[38;2;209;154;57m*[38;2;215;166;59m*[38;2;215;167;61m*[38;2;209;157;61m*[38;2;199;148;54m*[38;2;205;162;59m*[38;2;180;136;47m*[38;2;178;139;52m*[38;2;186;146;54m*[38;2;165;125;46m*[38;2;219;157;59m:[38;2;218;165;68m*[38;2;218;175;74m*[38;2;230;178;77m*[38;2;216;166;74m*[38;2;191;149;65m*[38;2;204;163;74m*[38;2;219;174;93m+[38;2;228;190;100m+[38;2;230;196;99m+[38;2;222;179;94m+[38;2;222;180;96m+[38;2;245;204;106m+[38;2;216;177;96m=[38;2;245;192;113m=[38;2;228;185;102mx[38;2;183;149;79m8[38;2;211;167;88m8[38;2;226;178;102m8[38;2;229;180;100m8[38;2;231;180;99m8[38;2;237;186;109m8[38;2;213;165;88m8[38;2;187;142;70m8[38;2;234;177;86mx[38;2;221;168;81m=[38;2;248;192;95m+[38;2;215;164;87mx[38;2;174;130;72m8[38;2;186;140;74m8[38;2;210;160;82m8[38;2;240;176;92m8[38;2;235;163;86m8[38;2;232;156;84m8[38;2;226;143;83m8[38;2;202;119;74m8[38;2;189;113;70m8[38;2;223;130;86m8[38;2;243;134;98m#[38;2;240;134;97m#[38;2;240;133;98m#[38;2;242;131;101m#[38;2;251;128;104m8[38;2;255;134;112m8[38;2;251;126;113m#[38;2;244;114;104m#[38;2;249;119;108m#[38;2;252;122;112m#[38;2;244;111;110m#[38;2;237;109;111m#[38;2;248;114;119m#[38;2;235;101;115m#[38;2;242;98;116m8[38;2;237;101;116m#[38;2;247;109;124m#[38;2;251;102;126m8[38;2;252;105;129m8[38;2;237;103;123m#[38;2;249;103;129m8[38;2;235;94;121m8[38;2;238;98;120m8[38;2;237;101;118m8[38;2;241;111;123m8[38;2;246;116;124m8[38;2;252;119;125m8[38;2;245;116;120m#[38;2;249;122;119m#[38;2;236;125;117m@[38;2;238;124;113m@[38;2;254;137;116m#[38;2;252;143;112m#[38;2;252;141;106m#[38;2;247;140;104m#[38;2;248;143;94m#[38;2;240;141;87m@[38;2;242;146;87m#[38;2;234;143;81m#[38;2;238;145;79m#[38;2;236;146;80m#[38;2;246;160;82m#[38;2;255;171;83m@[38;2;255;167;78m@[38;2;239;160;79m@[38;2;236;158;79m8[38;2;174;111;52m8[38;2;236;174;93m*[38;2;226;188;118m+[38;2;217;182;123m+             [0m
[0;1m  [38;2;150;128;116mx[38;2;152;127;117mx[38;2;180;142;125m+[38;2;166;96;53m:[38;2;201;120;59m:[38;2;213;138;60m:[38;2;244;160;84m.[38;2;233;179;62m:[38;2;219;167;64m:[38;2;212;159;64m:[38;2;228;171;65m:[38;2;231;176;67m:[38;2;201;153;61m:[38;2;188;142;51m:[38;2;164;125;42m*[38;2;206;160;62m:[38;2;185;142;56m:[38;2;198;152;56m:[38;2;185;148;58m*[38;2;169;132;52m*[38;2;168;128;46m*[38;2;173;137;60m*[38;2;240;194;85m:[38;2;228;182;75m:[38;2;189;148;67m*[38;2;231;193;99m*[38;2;250;210;110m*[38;2;219;182;98m+[38;2;218;177;101m+[38;2;217;179;99m+[38;2;245;202;112m*[38;2;221;174;100m+[38;2;247;203;115m+[38;2;240;199;115m=[38;2;232;186;112mx[38;2;196;153;91m8[38;2;209;165;96m8[38;2;214;167;94m8[38;2;218;167;97m8[38;2;205;158;90m8[38;2;196;153;84m8[38;2;194;150;81m8[38;2;230;178;96mx[38;2;253;202;111m+[38;2;226;178;101m=[38;2;236;178;105m=[38;2;219;169;95m=[38;2;251;192;105m=[38;2;207;149;88m8[38;2;233;165;100m8[38;2;229;158;95m8[38;2;220;143;89m8[38;2;219;142;97m8[38;2;191;119;81m8[38;2;219;131;96m8[38;2;233;129;102m#[38;2;245;138;109m8[38;2;247;146;118m8[38;2;237;144;123m#[38;2;245;135;119m8[38;2;235;127;112m8[38;2;242;117;112m8[38;2;237;117;116m8[38;2;245;123;119m8[38;2;250;124;118m8[38;2;243;116;112m8[38;2;239;116;114m8[38;2;232;117;112m#[38;2;233;122;119m#[38;2;234;112;113m8[38;2;244;117;117m8[38;2;252;121;123m8[38;2;246;109;120m8[38;2;234;107;115m#[38;2;238;114;119m#[38;2;237;113;120m#[38;2;247;117;124m8[38;2;235;122;121m#[38;2;242;127;123m#[38;2;240;126;119m#[38;2;237;126;118m#[38;2;254;138;126m8[38;2;237;130;118m#[38;2;242;134;118m#[38;2;245;134;113m#[38;2;244;136;113m#[38;2;243;138;109m#[38;2;241;138;103m#[38;2;239;140;103m#[38;2;251;151;108m8[38;2;242;145;96m8[38;2;231;142;92m8[38;2;200;124;75m8[38;2;194;123;69m8[38;2;215;139;78m8[38;2;218;143;83m8[38;2;224;149;72m8[38;2;248;175;83m#[38;2;250;176;87m#[38;2;235;168;79m#[38;2;241;175;80m8[38;2;211;155;71m8[38;2;252;188;77m*[38;2;232;191;87m*[38;2;214;179;102m+[38;2;229;204;126m+            [0m
[0;1m    [38;2;154;136;113m*[38;2;206;167;113m*[38;2;190;156;106m*[38;2;206;157;99m:[38;2;138;115;96m:[38;2;196;176;129m*[38;2;151;137;114m*[38;2;177;155;113m*[38;2;205;175;106m+[38;2;203;172;108m*[38;2;207;178;114m*[38;2;212;182;114m*[38;2;190;174;150m:[38;2;211;185;117m*[38;2;199;168;88m*[38;2;199;154;58m:[38;2;193;151;64m:[38;2;226;174;62m:[38;2;220;165;57m:[38;2;182;152;61m*[38;2;195;170;81m*[38;2;208;179;88m*[38;2;180;144;61m*[38;2;164;133;48m*[38;2;196;161;57m*[38;2;189;154;64m*[38;2;204;166;81m*[38;2;196;164;84m*[38;2;213;178;87m*[38;2;227;181;92m*[38;2;228;190;105m+[38;2;217;182;106m=[38;2;222;179;109m=[38;2;233;185;110m=[38;2;218;177;104m=[38;2;230;187;110m=[38;2;246;193;112m=[38;2;223;181;101m=[38;2;238;195;116m=[38;2;241;195;126mx[38;2;182;144;86m8[38;2;232;186;108m=[38;2;221;176;107m=[38;2;219;167;96m=[38;2;226;179;97m+[38;2;233;185;104m+[38;2;244;186;118m=[38;2;214;165;105mx[38;2;221;171;111mx[38;2;235;177;124mx[38;2;229;167;124mx[38;2;237;171;125m=[38;2;234;159;128m=[38;2;179;112;94m8[38;2;175;111;91m8[38;2;185;114;98m8[38;2;210;121;112m8[38;2;209;111;105m8[38;2;207;114;104m8[38;2;203;108;106m8[38;2;184;90;95m8[38;2;250;133;133mx[38;2;250;143;137mx[38;2;186;101;100m8[38;2;218;108;110m8[38;2;233;120;116m#[38;2;247;134;130m#[38;2;243;125;124m#[38;2;243;121;120m#[38;2;235;116;115m#[38;2;220;110;113m8[38;2;204;104;102m8[38;2;207;107;101m8[38;2;219;109;108m8[38;2;215;110;109m8[38;2;240;132;124m8[38;2;249;138;128m#[38;2;255;141;129m#[38;2;238;134;121m#[38;2;235;134;119m8[38;2;230;125;109m8[38;2;237;134;115m8[38;2;205;122;102m8[38;2;228;143;117mx[38;2;253;161;126mx[38;2;200;128;96m8[38;2;177;115;86m8[38;2;221;145;103mx[38;2;244;170;120m=[38;2;217;153;102mx[38;2;242;176;107m=[38;2;236;176;102m=[38;2;207;153;93mx[38;2;212;156;93mx[38;2;243;187;95m=[38;2;248;189;100m=[38;2;238;180;86mx[38;2;250;201;95mx[38;2;186;151;68m8[38;2;200;158;67m8[38;2;243;194;80mx[38;2;173;144;52m*[38;2;160;137;72m:[38;2;236;207;95m+[38;2;227;209;130m*           [0m
[0;1m        [38;2;130;115;90m:          [38;2;121;115;103m:[38;2;171;156;109m. [38;2;179;168;122m:   [38;2;173;161;115m.[38;2;190;173;117m:[38;2;170;150;95m:[38;2;211;190;124m*[38;2;138;122;64m:[38;2;141;122;56m:[38;2;217;191;104m:[38;2;184;165;107m*[38;2;197;173;108m*[38;2;202;175;108m*[38;2;178;141;64m:[38;2;225;194;119m*[38;2;200;175;105m*[38;2;210;184;118m*[38;2;225;196;132m*[38;2;231;201;123m*[38;2;231;195;110m*[38;2;229;187;104m*[38;2;211;176;106m*[38;2;242;208;143m*[38;2;230;198;145m*[38;2;237;189;107m*[38;2;218;176;89m*[38;2;198;158;73m*[38;2;192;146;68m*[38;2;223;169;95m*[38;2;238;178;111m*[38;2;201;143;102m+[38;2;238;171;125m+[38;2;209;149;110m+[38;2;204;135;105m+[38;2;242;148;127m*[38;2;237;142;125m*[38;2;201;116;107m+[38;2;184;102;100m=[38;2;213;118;120m=[38;2;232;127;128m=[38;2;206;103;115mx[38;2;217;108;119mx[38;2;211;113;118mx[38;2;205;114;116mx[38;2;210;110;119mx[38;2;226;119;125mx[38;2;184;104;104m8[38;2;201;113;115m8[38;2;213;114;118m8[38;2;232;127;127m8[38;2;241;136;132m8[38;2;220;119;120m8[38;2;191;106;103m8[38;2;177;102;94m8[38;2;234;133;124mx[38;2;227;122;119mx[38;2;183;103;97m8[38;2;216;124;114m8[38;2;225;133;121m8[38;2;220;130;118m8[38;2;206;120;109m8[38;2;179;108;96m8[38;2;237;147;126mx[38;2;216;134;110m=[38;2;246;162;124m*[38;2;244;166;123m*[38;2;212;145;105m+[38;2;208;142;99m=[38;2;246;172;117m*[38;2;206;150;97m+[38;2;211;158;97m+[38;2;234;183;104m*[38;2;228;181;96m*[38;2;239;185;96m*[38;2;243;190;97m*[38;2;212;172;85m*[38;2;234;184;83m*[38;2;204;160;69m+[38;2;233;194;80m*[38;2;221;185;79m*[38;2;182;147;65m=[38;2;211;175;70mx[38;2;213;178;62m*[38;2;173;141;45m*[38;2;242;195;70m:[38;2;220;189;78m*[38;2;209;186;95m*[38;2;153;142;92m:         [0m
[0;1m                                              [38;2;201;190;141m=[38;2;174;170;161m* [38;2;226;209;165m:[38;2;209;187;114m*[38;2;223;202;134m*[38;2;222;200;137m*[38;2;219;190;133m*[38;2;220;180;136m*[38;2;161;140;125m*[38;2;174;136;127m*[38;2;194;149;140m*[38;2;165;125;125m*[38;2;180;132;139m*[38;2;233;167;177m*[38;2;240;160;167m*[38;2;209;141;147m+[38;2;199;134;147m+[38;2;208;144;153m+[38;2;229;159;166m+[38;2;244;169;175m+[38;2;240;165;172m+[38;2;215;154;158m+[38;2;223;159;157m+[38;2;236;170;169m+[38;2;235;168;165m=[38;2;214;153;146mx[38;2;217;157;146mx[38;2;211;151;140mx[38;2;217;155;142mx[38;2;239;174;159m=[38;2;218;162;150m+[38;2;216;165;156m*[38;2;233;180;168m*[38;2;221;168;155m+[38;2;224;170;154m=[38;2;222;166;150m=[38;2;238;175;160m+[38;2;231;179;166m+[38;2;209;162;148m+[38;2;159;128;117m:[38;2;185;153;128m*[38;2;223;183;147m*[38;2;208;174;140m+[38;2;234;203;154m*[38;2;169;157;138m*[38;2;210;186;129m*[38;2;204;175;110m+[38;2;230;204;129m*[38;2;216;194;125m*[38;2;200;179;121m*[38;2;185;174;167m:[38;2;210;195;130m*[38;2;193;173;100m+[38;2;222;204;118m*[38;2;231;213;161m:[38;2;162;145;106m*[38;2;232;205;112m*[38;2;236;212;107m*[38;2;194;176;114m*[38;2;160;148;127m*[38;2;204;192;126m+[38;2;12;12;12m. [38;2;154;145;99m*         [0m
[0;1m                                                                                                                        [0m
